MEME version 4

ALPHABET= ACGT

strands: + -

Background letter frequencies
A 0.25 C 0.25 G 0.25 T 0.25



MOTIF ADNP-FLAG_Preferred_ENCFF962QOB_motif_1 MOTIF-1
letter-probability matrix: alength= 4 w= 15 nsites= 347 E= 4.0e-782 
 0.025937  0.095101  0.063401  0.815562 
 0.074928  0.161383  0.337176  0.426513 
 0.322767  0.034582  0.602305  0.040346 
 0.074928  0.008646  0.890490  0.025937 
 0.187320  0.040346  0.757925  0.014409 
 0.956772  0.014409  0.017291  0.011527 
 0.293948  0.023055  0.682997  0.000000 
 0.348703  0.020173  0.585014  0.046110 
 0.008646  0.867435  0.031700  0.092219 
 0.040346  0.305476  0.037464  0.616715 
 0.123919  0.017291  0.850144  0.008646 
 0.988473  0.000000  0.005764  0.005764 
 0.040346  0.000000  0.951009  0.008646 
 0.074928  0.028818  0.884726  0.011527 
 0.017291  0.786744  0.005764  0.190202 


