MEME version 4

ALPHABET= ACGT

strands: + -

Background letter frequencies
A 0.25 C 0.25 G 0.25 T 0.25



MOTIF ATF1-FLAG_Preferred_ENCFF363ZSJ_motif_1 MOTIF-1
letter-probability matrix: alength= 4 w= 18 nsites= 345 E= 2.1e-465 
 0.049275  0.133333  0.765217  0.052174 
 0.055072  0.779710  0.121739  0.043478 
 0.147826  0.263768  0.414493  0.173913 
 0.107246  0.486957  0.307246  0.098551 
 0.194203  0.301449  0.362319  0.142029 
 0.113043  0.339130  0.376812  0.171014 
 0.182609  0.275362  0.127536  0.414493 
 0.226087  0.118841  0.466667  0.188406 
 0.481159  0.089855  0.397101  0.031884 
 0.023188  0.005797  0.002899  0.968116 
 0.023188  0.000000  0.930435  0.046377 
 0.915942  0.000000  0.084058  0.000000 
 0.000000  0.962319  0.005797  0.031884 
 0.031884  0.000000  0.965217  0.002899 
 0.049275  0.205797  0.000000  0.744928 
 0.315942  0.594203  0.060870  0.028986 
 0.692754  0.095652  0.121739  0.089855 
 0.171014  0.385507  0.217391  0.226087 


