MEME version 4

ALPHABET= ACGT

strands: + -

Background letter frequencies
A 0.25 C 0.25 G 0.25 T 0.25



MOTIF ATF2_Non-preferred_ENCFF737KKO_motif_1 MOTIF-1
letter-probability matrix: alength= 4 w= 14 nsites= 484 E= 3.6e-1391 
 0.719008  0.088843  0.185950  0.006198 
 0.000000  0.006198  0.000000  0.993802 
 0.000000  0.006198  0.915289  0.078512 
 1.000000  0.000000  0.000000  0.000000 
 0.000000  0.989669  0.000000  0.010331 
 0.200413  0.004132  0.795455  0.000000 
 0.000000  0.000000  0.000000  1.000000 
 0.000000  1.000000  0.000000  0.000000 
 1.000000  0.000000  0.000000  0.000000 
 0.002066  0.299587  0.000000  0.698347 
 0.072314  0.603306  0.033058  0.291322 
 0.332645  0.208678  0.173554  0.285124 
 0.221074  0.355372  0.088843  0.334711 
 0.229339  0.349174  0.150826  0.270661 


MOTIF ATF2_Non-preferred_ENCFF737KKO_motif_5 MOTIF-5
letter-probability matrix: alength= 4 w= 10 nsites= 34 E= 3.6e-013 
 0.000000  0.117647  0.735294  0.147059 
 0.558824  0.000000  0.441176  0.000000 
 0.000000  0.000000  0.000000  1.000000 
 0.000000  0.000000  0.970588  0.029412 
 1.000000  0.000000  0.000000  0.000000 
 0.000000  0.294118  0.000000  0.705882 
 0.000000  0.000000  1.000000  0.000000 
 0.000000  0.058824  0.000000  0.941176 
 0.029412  0.911765  0.058824  0.000000 
 1.000000  0.000000  0.000000  0.000000 


