MEME version 4

ALPHABET= ACGT

strands: + -

Background letter frequencies
A 0.25 C 0.25 G 0.25 T 0.25



MOTIF ATF3-FLAG_Non-preferred_ENCFF891BJN_motif_1 MOTIF-1
letter-probability matrix: alength= 4 w= 15 nsites= 399 E= 8.2e-480 
 0.325815  0.223058  0.320802  0.130326 
 0.343358  0.125313  0.345865  0.185464 
 0.180451  0.175439  0.493734  0.150376 
 0.350877  0.265664  0.305764  0.077694 
 0.350877  0.087719  0.185464  0.375940 
 0.000000  0.000000  0.007519  0.992481 
 0.007519  0.000000  0.937343  0.055138 
 0.649123  0.350877  0.000000  0.000000 
 0.270677  0.235589  0.493734  0.000000 
 0.000000  0.000000  0.000000  1.000000 
 0.005013  0.994987  0.000000  0.000000 
 1.000000  0.000000  0.000000  0.000000 
 0.002506  0.383459  0.195489  0.418546 
 0.147870  0.598997  0.062657  0.190476 
 0.325815  0.285714  0.248120  0.140351 


