MEME version 4

ALPHABET= ACGT

strands: + -

Background letter frequencies
A 0.25 C 0.25 G 0.25 T 0.25



MOTIF ATF3_Preferred_ENCFF681PQB_motif_1 MOTIF-1
letter-probability matrix: alength= 4 w= 13 nsites= 327 E= 4.6e-414 
 0.177370  0.333333  0.339450  0.149847 
 0.204893  0.201835  0.504587  0.088685 
 0.107034  0.003058  0.889908  0.000000 
 0.000000  0.094801  0.009174  0.896024 
 0.000000  0.853211  0.146789  0.000000 
 0.963303  0.009174  0.027523  0.000000 
 0.000000  0.960245  0.006116  0.033639 
 0.036697  0.009174  0.951070  0.003058 
 0.018349  0.039755  0.000000  0.941896 
 0.009174  0.143731  0.840979  0.006116 
 0.418960  0.189602  0.354740  0.036697 
 0.070336  0.446483  0.314985  0.168196 
 0.076453  0.388379  0.495413  0.039755 


MOTIF ATF3_Preferred_ENCFF681PQB_motif_4 MOTIF-4
letter-probability matrix: alength= 4 w= 21 nsites= 86 E= 1.0e-079 
 0.104651  0.534884  0.209302  0.151163 
 0.023256  0.023256  0.953488  0.000000 
 0.069767  0.034884  0.674419  0.220930 
 0.000000  0.930233  0.046512  0.023256 
 0.000000  0.000000  0.976744  0.023256 
 0.046512  0.918605  0.034884  0.000000 
 0.197674  0.220930  0.337209  0.244186 
 0.058140  0.558140  0.313953  0.069767 
 0.220930  0.267442  0.383721  0.127907 
 0.139535  0.395349  0.313953  0.151163 
 0.139535  0.360465  0.151163  0.348837 
 0.220930  0.011628  0.604651  0.162791 
 0.581395  0.081395  0.267442  0.069767 
 0.104651  0.093023  0.058140  0.744186 
 0.046512  0.046512  0.825581  0.081395 
 0.686047  0.058140  0.197674  0.058140 
 0.000000  0.906977  0.011628  0.081395 
 0.034884  0.000000  0.953488  0.011628 
 0.046512  0.337209  0.011628  0.604651 
 0.267442  0.523256  0.151163  0.058140 
 0.604651  0.174419  0.139535  0.081395 


MOTIF ATF3_Preferred_ENCFF681PQB_motif_5 MOTIF-5
letter-probability matrix: alength= 4 w= 11 nsites= 92 E= 2.1e-050 
 0.065217  0.163043  0.750000  0.021739 
 0.076087  0.184783  0.728261  0.010870 
 0.010870  0.032609  0.021739  0.934783 
 0.000000  1.000000  0.000000  0.000000 
 1.000000  0.000000  0.000000  0.000000 
 0.000000  0.847826  0.086957  0.065217 
 0.184783  0.119565  0.695652  0.000000 
 0.000000  0.021739  0.000000  0.978261 
 0.000000  0.000000  1.000000  0.000000 
 0.543478  0.010870  0.347826  0.097826 
 0.032609  0.478261  0.141304  0.347826 


