MEME version 4

ALPHABET= ACGT

strands: + -

Background letter frequencies
A 0.25 C 0.25 G 0.25 T 0.25



MOTIF ATF4-eGFP_Preferred_ENCFF690CMF_motif_1 MOTIF-1
letter-probability matrix: alength= 4 w= 14 nsites= 373 E= 3.5e-893 
 0.340483  0.163539  0.184987  0.310992 
 0.383378  0.042895  0.436997  0.136729 
 0.206434  0.134048  0.536193  0.123324 
 0.530831  0.391421  0.072386  0.005362 
 0.005362  0.000000  0.000000  0.994638 
 0.000000  0.000000  0.994638  0.005362 
 0.991957  0.000000  0.008043  0.000000 
 0.000000  0.080429  0.010724  0.908847 
 0.000000  0.000000  1.000000  0.000000 
 0.101877  0.836461  0.000000  0.061662 
 0.994638  0.005362  0.000000  0.000000 
 1.000000  0.000000  0.000000  0.000000 
 0.008043  0.313673  0.075067  0.603217 
 0.386059  0.356568  0.107239  0.150134 


