MEME version 4

ALPHABET= ACGT

strands: + -

Background letter frequencies
A 0.25 C 0.25 G 0.25 T 0.25



MOTIF ATF7_Preferred_ENCFF753DBF_motif_1 MOTIF-1
letter-probability matrix: alength= 4 w= 19 nsites= 478 E= 1.7e-1427 
 0.299163  0.269874  0.269874  0.161088 
 0.692469  0.056485  0.248954  0.002092 
 0.000000  0.002092  0.000000  0.997908 
 0.000000  0.004184  0.930962  0.064854 
 0.989540  0.000000  0.000000  0.010460 
 0.000000  0.993724  0.000000  0.006276 
 0.119247  0.000000  0.880753  0.000000 
 0.000000  0.000000  0.000000  1.000000 
 0.000000  1.000000  0.000000  0.000000 
 1.000000  0.000000  0.000000  0.000000 
 0.000000  0.238494  0.000000  0.761506 
 0.142259  0.539749  0.025105  0.292887 
 0.242678  0.246862  0.171548  0.338912 
 0.175732  0.364017  0.100418  0.359833 
 0.215481  0.303347  0.169456  0.311715 
 0.255230  0.236402  0.207113  0.301255 
 0.196653  0.303347  0.121339  0.378661 
 0.188285  0.282427  0.221757  0.307531 
 0.278243  0.286611  0.161088  0.274059 


