MEME version 4

ALPHABET= ACGT

strands: + -

Background letter frequencies
A 0.25 C 0.25 G 0.25 T 0.25



MOTIF BHLHE40_Preferred_ENCFF268DXL_motif_1 MOTIF-1
letter-probability matrix: alength= 4 w= 15 nsites= 410 E= 3.8e-576 
 0.104878  0.409756  0.404878  0.080488 
 0.180488  0.236585  0.343902  0.239024 
 0.051220  0.024390  0.553659  0.370732 
 0.036585  0.963415  0.000000  0.000000 
 0.973171  0.026829  0.000000  0.000000 
 0.000000  1.000000  0.000000  0.000000 
 0.000000  0.000000  1.000000  0.000000 
 0.036585  0.017073  0.007317  0.939024 
 0.000000  0.000000  1.000000  0.000000 
 0.517073  0.326829  0.036585  0.119512 
 0.068293  0.541463  0.273171  0.117073 
 0.200000  0.280488  0.212195  0.307317 
 0.126829  0.268293  0.446341  0.158537 
 0.065854  0.339024  0.395122  0.200000 
 0.124390  0.275610  0.490244  0.109756 


MOTIF BHLHE40_Preferred_ENCFF268DXL_motif_4 MOTIF-4
letter-probability matrix: alength= 4 w= 14 nsites= 35 E= 3.6e-007 
 0.171429  0.257143  0.542857  0.028571 
 0.085714  0.542857  0.314286  0.057143 
 0.057143  0.257143  0.485714  0.200000 
 0.000000  0.600000  0.371429  0.028571 
 0.000000  0.428571  0.571429  0.000000 
 0.342857  0.228571  0.428571  0.000000 
 0.057143  0.142857  0.000000  0.800000 
 0.000000  1.000000  0.000000  0.000000 
 1.000000  0.000000  0.000000  0.000000 
 0.000000  0.914286  0.057143  0.028571 
 0.171429  0.000000  0.828571  0.000000 
 0.000000  0.000000  0.000000  1.000000 
 0.000000  0.000000  1.000000  0.000000 
 0.771429  0.000000  0.085714  0.142857 


