MEME version 4

ALPHABET= ACGT

strands: + -

Background letter frequencies
A 0.25 C 0.25 G 0.25 T 0.25



MOTIF BHLHE40_Non-preferred_ENCFF263AYI_motif_1 MOTIF-1
letter-probability matrix: alength= 4 w= 21 nsites= 500 E= 1.2e-517 
 0.218000  0.280000  0.382000  0.120000 
 0.216000  0.182000  0.440000  0.162000 
 0.072000  0.024000  0.532000  0.372000 
 0.006000  0.992000  0.002000  0.000000 
 0.948000  0.044000  0.008000  0.000000 
 0.000000  0.902000  0.054000  0.044000 
 0.052000  0.000000  0.942000  0.006000 
 0.066000  0.046000  0.020000  0.868000 
 0.000000  0.000000  0.914000  0.086000 
 0.372000  0.394000  0.086000  0.148000 
 0.172000  0.356000  0.314000  0.158000 
 0.200000  0.244000  0.326000  0.230000 
 0.168000  0.288000  0.412000  0.132000 
 0.132000  0.312000  0.396000  0.160000 
 0.136000  0.336000  0.374000  0.154000 
 0.174000  0.330000  0.306000  0.190000 
 0.148000  0.268000  0.412000  0.172000 
 0.172000  0.278000  0.428000  0.122000 
 0.204000  0.222000  0.394000  0.180000 
 0.200000  0.266000  0.428000  0.106000 
 0.206000  0.334000  0.358000  0.102000 


