MEME version 4

ALPHABET= ACGT

strands: + -

Background letter frequencies
A 0.25 C 0.25 G 0.25 T 0.25



MOTIF BRCA1_Non-preferred_ENCFF733IVW_motif_1 MOTIF-1
letter-probability matrix: alength= 4 w= 21 nsites= 443 E= 2.9e-988 
 0.148984  0.399549  0.327314  0.124153 
 0.135440  0.367946  0.306998  0.189616 
 0.083521  0.352144  0.370203  0.194131 
 0.076749  0.449210  0.302483  0.171558 
 0.088036  0.525959  0.316027  0.069977 
 0.311512  0.214447  0.255079  0.218962 
 0.279910  0.252822  0.383747  0.083521 
 0.164786  0.354402  0.171558  0.309255 
 0.002257  0.103837  0.045147  0.848758 
 0.060948  0.902935  0.036117  0.000000 
 0.006772  0.094808  0.002257  0.896163 
 0.000000  1.000000  0.000000  0.000000 
 0.029345  0.000000  0.970655  0.000000 
 0.000000  0.997743  0.000000  0.002257 
 0.000000  0.000000  1.000000  0.000000 
 0.758465  0.081264  0.128668  0.031603 
 0.011287  0.038375  0.720090  0.230248 
 0.668172  0.069977  0.173815  0.088036 
 0.117381  0.320542  0.230248  0.331828 
 0.069977  0.399549  0.090293  0.440181 
 0.067720  0.284424  0.227991  0.419865 


MOTIF BRCA1_Non-preferred_ENCFF733IVW_motif_5 MOTIF-5
letter-probability matrix: alength= 4 w= 15 nsites= 69 E= 7.3e-019 
 0.000000  0.318841  0.449275  0.231884 
 0.072464  0.579710  0.246377  0.101449 
 0.463768  0.101449  0.217391  0.217391 
 0.202899  0.217391  0.579710  0.000000 
 0.260870  0.318841  0.159420  0.260870 
 0.000000  0.000000  0.014493  0.985507 
 0.115942  0.826087  0.057971  0.000000 
 0.086957  0.000000  0.014493  0.898551 
 0.000000  1.000000  0.000000  0.000000 
 0.000000  0.000000  1.000000  0.000000 
 0.043478  0.797101  0.000000  0.159420 
 0.000000  0.000000  1.000000  0.000000 
 0.623188  0.173913  0.173913  0.028986 
 0.115942  0.173913  0.434783  0.275362 
 0.507246  0.173913  0.289855  0.028986 


