MEME version 4

ALPHABET= ACGT

strands: + -

Background letter frequencies
A 0.25 C 0.25 G 0.25 T 0.25



MOTIF CBFB-FLAG_Preferred_ENCFF389HNP_motif_1 MOTIF-1
letter-probability matrix: alength= 4 w= 15 nsites= 331 E= 6.3e-235 
 0.184290  0.401813  0.166163  0.247734 
 0.311178  0.178248  0.148036  0.362538 
 0.211480  0.199396  0.226586  0.362538 
 0.151057  0.223565  0.226586  0.398792 
 0.126888  0.241692  0.317221  0.314199 
 0.220544  0.347432  0.015106  0.416918 
 0.042296  0.000000  0.000000  0.957704 
 0.000000  0.000000  1.000000  0.000000 
 0.009063  0.311178  0.000000  0.679758 
 0.000000  0.000000  1.000000  0.000000 
 0.000000  0.000000  1.000000  0.000000 
 0.000000  0.096677  0.081571  0.821752 
 0.036254  0.271903  0.063444  0.628399 
 0.362538  0.042296  0.199396  0.395770 
 0.157100  0.223565  0.374622  0.244713 


