MEME version 4

ALPHABET= ACGT

strands: + -

Background letter frequencies
A 0.25 C 0.25 G 0.25 T 0.25



MOTIF CEBPB_Non-preferred_ENCFF717JGJ_motif_1 MOTIF-1
letter-probability matrix: alength= 4 w= 14 nsites= 500 E= 8.9e-785 
 0.280000  0.168000  0.378000  0.174000 
 0.232000  0.266000  0.302000  0.200000 
 0.254000  0.140000  0.358000  0.248000 
 0.404000  0.118000  0.462000  0.016000 
 0.000000  0.000000  0.000000  1.000000 
 0.000000  0.000000  0.262000  0.738000 
 0.230000  0.000000  0.568000  0.202000 
 0.098000  0.268000  0.102000  0.532000 
 0.004000  0.000000  0.994000  0.002000 
 0.052000  0.938000  0.002000  0.008000 
 1.000000  0.000000  0.000000  0.000000 
 1.000000  0.000000  0.000000  0.000000 
 0.016000  0.334000  0.122000  0.528000 
 0.352000  0.356000  0.144000  0.148000 


MOTIF CEBPB_Non-preferred_ENCFF717JGJ_motif_4 MOTIF-4
letter-probability matrix: alength= 4 w= 11 nsites= 201 E= 4.3e-036 
 0.343284  0.293532  0.328358  0.034826 
 0.000000  0.000000  0.000000  1.000000 
 0.000000  0.000000  0.398010  0.601990 
 0.288557  0.000000  0.437811  0.273632 
 0.199005  0.089552  0.238806  0.472637 
 0.000000  0.000000  1.000000  0.000000 
 0.243781  0.572139  0.000000  0.184080 
 1.000000  0.000000  0.000000  0.000000 
 1.000000  0.000000  0.000000  0.000000 
 0.034826  0.283582  0.283582  0.398010 
 0.402985  0.213930  0.169154  0.213930 


