MEME version 4

ALPHABET= ACGT

strands: + -

Background letter frequencies
A 0.25 C 0.25 G 0.25 T 0.25



MOTIF CEBPB_Preferred_ENCFF886PVT_motif_1 MOTIF-1
letter-probability matrix: alength= 4 w= 14 nsites= 495 E= 3.1e-784 
 0.327273  0.204040  0.296970  0.171717 
 0.252525  0.252525  0.284848  0.210101 
 0.137374  0.177778  0.345455  0.339394 
 0.539394  0.117172  0.329293  0.014141 
 0.000000  0.000000  0.000000  1.000000 
 0.000000  0.000000  0.000000  1.000000 
 0.016162  0.000000  0.931313  0.052525 
 0.000000  1.000000  0.000000  0.000000 
 0.537374  0.076768  0.311111  0.074747 
 0.151515  0.515152  0.000000  0.333333 
 0.701010  0.298990  0.000000  0.000000 
 1.000000  0.000000  0.000000  0.000000 
 0.010101  0.416162  0.105051  0.468687 
 0.311111  0.345455  0.107071  0.236364 


MOTIF CEBPB_Preferred_ENCFF886PVT_motif_2 MOTIF-2
letter-probability matrix: alength= 4 w= 11 nsites= 217 E= 1.9e-064 
 0.198157  0.188940  0.198157  0.414747 
 0.451613  0.258065  0.230415  0.059908 
 0.000000  0.000000  0.000000  1.000000 
 0.000000  0.000000  0.000000  1.000000 
 0.198157  0.000000  0.566820  0.235023 
 0.000000  1.000000  0.000000  0.000000 
 0.460829  0.281106  0.046083  0.211982 
 0.294931  0.419355  0.000000  0.285714 
 0.552995  0.447005  0.000000  0.000000 
 1.000000  0.000000  0.000000  0.000000 
 0.000000  0.396313  0.221198  0.382488 


