MEME version 4

ALPHABET= ACGT

strands: + -

Background letter frequencies
A 0.25 C 0.25 G 0.25 T 0.25



MOTIF CEBPD-FLAG_Preferred_ENCFF784EXR_motif_1 MOTIF-1
letter-probability matrix: alength= 4 w= 14 nsites= 481 E= 6.6e-678 
 0.288981  0.168399  0.378378  0.164241 
 0.253638  0.278586  0.309771  0.158004 
 0.276507  0.128898  0.347193  0.247401 
 0.424116  0.101871  0.467775  0.006237 
 0.000000  0.000000  0.000000  1.000000 
 0.000000  0.000000  0.307692  0.692308 
 0.272349  0.006237  0.557173  0.164241 
 0.130977  0.245322  0.118503  0.505198 
 0.000000  0.000000  1.000000  0.000000 
 0.085239  0.902287  0.000000  0.012474 
 1.000000  0.000000  0.000000  0.000000 
 1.000000  0.000000  0.000000  0.000000 
 0.033264  0.318087  0.133056  0.515593 
 0.303534  0.345114  0.201663  0.149688 


MOTIF CEBPD-FLAG_Preferred_ENCFF784EXR_motif_4 MOTIF-4
letter-probability matrix: alength= 4 w= 10 nsites= 242 E= 2.1e-041 
 0.000000  0.000000  0.000000  1.000000 
 0.000000  0.000000  0.409091  0.590909 
 0.264463  0.041322  0.450413  0.243802 
 0.173554  0.099174  0.256198  0.471074 
 0.000000  0.000000  1.000000  0.000000 
 0.318182  0.495868  0.000000  0.185950 
 1.000000  0.000000  0.000000  0.000000 
 1.000000  0.000000  0.000000  0.000000 
 0.045455  0.260331  0.260331  0.433884 
 0.380165  0.293388  0.185950  0.140496 


