MEME version 4

ALPHABET= ACGT

strands: + -

Background letter frequencies
A 0.25 C 0.25 G 0.25 T 0.25



MOTIF CHD2_Preferred_ENCFF369UGC_motif_1 MOTIF-1
letter-probability matrix: alength= 4 w= 12 nsites= 473 E= 6.8e-871 
 0.000000  0.112051  0.040169  0.847780 
 0.048626  0.923890  0.027484  0.000000 
 0.006342  0.097252  0.012685  0.883721 
 0.000000  1.000000  0.000000  0.000000 
 0.021142  0.002114  0.976744  0.000000 
 0.000000  0.980973  0.004228  0.014799 
 0.004228  0.000000  0.995772  0.000000 
 0.708245  0.086681  0.154334  0.050740 
 0.023256  0.057082  0.678647  0.241015 
 0.627907  0.078224  0.196617  0.097252 
 0.084567  0.361522  0.224101  0.329810 
 0.035941  0.403805  0.069767  0.490486 


MOTIF CHD2_Preferred_ENCFF369UGC_motif_4 MOTIF-4
letter-probability matrix: alength= 4 w= 11 nsites= 46 E= 8.4e-009 
 0.869565  0.000000  0.043478  0.086957 
 0.586957  0.043478  0.369565  0.000000 
 0.608696  0.173913  0.021739  0.195652 
 0.000000  0.130435  0.043478  0.826087 
 0.108696  0.891304  0.000000  0.000000 
 0.000000  0.130435  0.000000  0.869565 
 0.000000  1.000000  0.000000  0.000000 
 0.000000  0.000000  0.978261  0.021739 
 0.000000  0.956522  0.000000  0.043478 
 0.021739  0.043478  0.934783  0.000000 
 0.673913  0.043478  0.239130  0.043478 


