MEME version 4

ALPHABET= ACGT

strands: + -

Background letter frequencies
A 0.25 C 0.25 G 0.25 T 0.25



MOTIF CREB1_Preferred_ENCFF852AAQ_motif_1 MOTIF-1
letter-probability matrix: alength= 4 w= 15 nsites= 382 E= 2.3e-948 
 0.054974  0.397906  0.421466  0.125654 
 0.091623  0.395288  0.416230  0.096859 
 0.104712  0.327225  0.405759  0.162304 
 0.070681  0.471204  0.133508  0.324607 
 0.115183  0.251309  0.384817  0.248691 
 0.256545  0.154450  0.581152  0.007853 
 0.000000  0.000000  0.000000  1.000000 
 0.000000  0.000000  1.000000  0.000000 
 0.997382  0.000000  0.002618  0.000000 
 0.005236  0.942408  0.000000  0.052356 
 0.005236  0.000000  0.994764  0.000000 
 0.031414  0.026178  0.000000  0.942408 
 0.036649  0.963351  0.000000  0.000000 
 0.994764  0.000000  0.005236  0.000000 
 0.010471  0.596859  0.120419  0.272251 


MOTIF CREB1_Preferred_ENCFF852AAQ_motif_5 MOTIF-5
letter-probability matrix: alength= 4 w= 11 nsites= 110 E= 4.4e-024 
 0.109091  0.272727  0.172727  0.445455 
 0.045455  0.190909  0.390909  0.372727 
 0.554545  0.000000  0.445455  0.000000 
 0.000000  1.000000  0.000000  0.000000 
 0.100000  0.000000  0.900000  0.000000 
 0.000000  0.000000  0.000000  1.000000 
 0.000000  1.000000  0.000000  0.000000 
 1.000000  0.000000  0.000000  0.000000 
 0.027273  0.481818  0.000000  0.490909 
 0.154545  0.572727  0.272727  0.000000 
 0.345455  0.163636  0.381818  0.109091 


