MEME version 4

ALPHABET= ACGT

strands: + -

Background letter frequencies
A 0.25 C 0.25 G 0.25 T 0.25



MOTIF CREB1_Uncharacterized_ENCFF564YGY_motif_1 MOTIF-1
letter-probability matrix: alength= 4 w= 18 nsites= 361 E= 2.8e-430 
 0.066482  0.725762  0.163435  0.044321 
 0.074792  0.157895  0.722992  0.044321 
 0.088643  0.731302  0.155125  0.024931 
 0.146814  0.299169  0.443213  0.110803 
 0.083102  0.479224  0.324100  0.113573 
 0.155125  0.296399  0.429363  0.119114 
 0.127424  0.373961  0.382271  0.116343 
 0.182825  0.343490  0.171745  0.301939 
 0.227147  0.113573  0.490305  0.168975 
 0.495845  0.102493  0.371191  0.030471 
 0.038781  0.033241  0.013850  0.914127 
 0.019391  0.002770  0.925208  0.052632 
 0.828255  0.019391  0.138504  0.013850 
 0.002770  0.955679  0.016620  0.024931 
 0.013850  0.002770  0.980609  0.002770 
 0.060942  0.288089  0.005540  0.645429 
 0.293629  0.576177  0.085873  0.044321 
 0.642659  0.121884  0.141274  0.094183 


