MEME version 4

ALPHABET= ACGT

strands: + -

Background letter frequencies
A 0.25 C 0.25 G 0.25 T 0.25



MOTIF CREM-FLAG_Preferred_ENCFF847YQG_motif_1 MOTIF-1
letter-probability matrix: alength= 4 w= 19 nsites= 419 E= 9.6e-580 
 0.661098  0.031026  0.243437  0.064439 
 0.000000  0.959427  0.016706  0.023866 
 0.026253  0.004773  0.964200  0.004773 
 0.019093  0.100239  0.000000  0.880668 
 0.054893  0.911695  0.004773  0.028640 
 0.892601  0.011933  0.035800  0.059666 
 0.031026  0.408115  0.076372  0.484487 
 0.169451  0.455847  0.105012  0.269690 
 0.329356  0.145585  0.303103  0.221957 
 0.147971  0.372315  0.362768  0.116945 
 0.138425  0.410501  0.279236  0.171838 
 0.136038  0.334129  0.446301  0.083532 
 0.140811  0.455847  0.264916  0.138425 
 0.062053  0.136038  0.711217  0.090692 
 0.038186  0.732697  0.159905  0.069212 
 0.071599  0.097852  0.804296  0.026253 
 0.205251  0.594272  0.114558  0.085919 
 0.090692  0.699284  0.155131  0.054893 
 0.133652  0.274463  0.482100  0.109785 


MOTIF CREM-FLAG_Preferred_ENCFF847YQG_motif_5 MOTIF-5
letter-probability matrix: alength= 4 w= 8 nsites= 131 E= 7.6e-015 
 0.297710  0.167939  0.534351  0.000000 
 0.000000  0.000000  0.000000  1.000000 
 0.000000  0.000000  1.000000  0.000000 
 1.000000  0.000000  0.000000  0.000000 
 0.000000  1.000000  0.000000  0.000000 
 0.000000  0.000000  1.000000  0.000000 
 0.000000  0.450382  0.000000  0.549618 
 0.320611  0.351145  0.152672  0.175573 


