MEME version 4

ALPHABET= ACGT

strands: + -

Background letter frequencies
A 0.25 C 0.25 G 0.25 T 0.25



MOTIF CTCF_Non-preferred_ENCFF695QSJ_motif_1 MOTIF-1
letter-probability matrix: alength= 4 w= 15 nsites= 500 E= 7.4e-1112 
 0.102000  0.800000  0.046000  0.052000 
 0.012000  0.986000  0.002000  0.000000 
 0.834000  0.002000  0.090000  0.074000 
 0.016000  0.648000  0.312000  0.024000 
 0.164000  0.354000  0.038000  0.444000 
 0.906000  0.006000  0.050000  0.038000 
 0.010000  0.000000  0.986000  0.004000 
 0.472000  0.002000  0.516000  0.010000 
 0.046000  0.016000  0.484000  0.454000 
 0.004000  0.000000  0.992000  0.004000 
 0.106000  0.034000  0.774000  0.086000 
 0.120000  0.768000  0.006000  0.106000 
 0.508000  0.008000  0.456000  0.028000 
 0.066000  0.492000  0.382000  0.060000 
 0.114000  0.336000  0.044000  0.506000 


