MEME version 4

ALPHABET= ACGT

strands: + -

Background letter frequencies
A 0.25 C 0.25 G 0.25 T 0.25



MOTIF CTCF_Non-preferred_ENCFF704ECS_motif_1 MOTIF-1
letter-probability matrix: alength= 4 w= 15 nsites= 499 E= 8.0e-1082 
 0.046092  0.314629  0.589178  0.050100 
 0.032064  0.617234  0.008016  0.342685 
 0.074148  0.018036  0.799599  0.108216 
 0.050100  0.835671  0.032064  0.082164 
 0.002004  0.975952  0.000000  0.022044 
 0.266533  0.657315  0.036072  0.040080 
 0.012024  0.583166  0.004008  0.400802 
 0.002004  0.989980  0.002004  0.006012 
 0.018036  0.070140  0.010020  0.901804 
 0.292585  0.076152  0.525050  0.106212 
 0.008016  0.388778  0.575150  0.028056 
 0.104208  0.194389  0.028056  0.673347 
 0.002004  0.000000  0.985972  0.012024 
 0.034068  0.062124  0.829659  0.074148 
 0.120240  0.557114  0.076152  0.246493 


MOTIF CTCF_Non-preferred_ENCFF704ECS_motif_2 MOTIF-2
letter-probability matrix: alength= 4 w= 15 nsites= 138 E= 1.8e-059 
 0.065217  0.586957  0.173913  0.173913 
 0.101449  0.101449  0.550725  0.246377 
 0.014493  0.797101  0.188406  0.000000 
 0.014493  0.905797  0.057971  0.021739 
 0.297101  0.594203  0.028986  0.079710 
 0.000000  0.797101  0.021739  0.181159 
 0.000000  1.000000  0.000000  0.000000 
 0.094203  0.072464  0.000000  0.833333 
 0.260870  0.021739  0.652174  0.065217 
 0.021739  0.478261  0.413043  0.086957 
 0.297101  0.159420  0.043478  0.500000 
 0.000000  0.000000  0.978261  0.021739 
 0.050725  0.057971  0.876812  0.014493 
 0.195652  0.478261  0.166667  0.159420 
 0.181159  0.434783  0.224638  0.159420 


