MEME version 4

ALPHABET= ACGT

strands: + -

Background letter frequencies
A 0.25 C 0.25 G 0.25 T 0.25



MOTIF CTCF-FLAG_Uncharacterized_ENCFF648HFC_motif_1 MOTIF-1
letter-probability matrix: alength= 4 w= 15 nsites= 487 E= 1.1e-1107 
 0.032854  0.330595  0.597536  0.039014 
 0.012320  0.642710  0.002053  0.342916 
 0.065708  0.000000  0.860370  0.073922 
 0.067762  0.887064  0.018480  0.026694 
 0.018480  0.952772  0.006160  0.022587 
 0.312115  0.601643  0.053388  0.032854 
 0.004107  0.675565  0.000000  0.320329 
 0.000000  0.991786  0.000000  0.008214 
 0.047228  0.090349  0.026694  0.835729 
 0.217659  0.121150  0.574949  0.086242 
 0.018480  0.371663  0.591376  0.018480 
 0.061602  0.223819  0.012320  0.702259 
 0.000000  0.002053  0.991786  0.006160 
 0.041068  0.061602  0.819302  0.078029 
 0.102669  0.605749  0.096509  0.195072 


