MEME version 4

ALPHABET= ACGT

strands: + -

Background letter frequencies
A 0.25 C 0.25 G 0.25 T 0.25



MOTIF CTCF_Non-preferred_ENCFF611FHI_motif_1 MOTIF-1
letter-probability matrix: alength= 4 w= 15 nsites= 495 E= 2.6e-972 
 0.054545  0.353535  0.523232  0.068687 
 0.038384  0.553535  0.022222  0.385859 
 0.107071  0.020202  0.747475  0.125253 
 0.056566  0.838384  0.040404  0.064646 
 0.008081  0.977778  0.000000  0.014141 
 0.329293  0.585859  0.020202  0.064646 
 0.014141  0.579798  0.006061  0.400000 
 0.000000  0.987879  0.004040  0.008081 
 0.024242  0.056566  0.010101  0.909091 
 0.343434  0.070707  0.448485  0.137374 
 0.018182  0.389899  0.555556  0.036364 
 0.113131  0.145455  0.032323  0.709091 
 0.004040  0.000000  0.989899  0.006061 
 0.044444  0.046465  0.822222  0.086869 
 0.119192  0.525253  0.078788  0.276768 


MOTIF CTCF_Non-preferred_ENCFF611FHI_motif_2 MOTIF-2
letter-probability matrix: alength= 4 w= 29 nsites= 69 E= 2.1e-029 
 0.072464  0.405797  0.101449  0.420290 
 0.000000  0.072464  0.782609  0.144928 
 0.043478  0.942029  0.000000  0.014493 
 0.028986  0.971014  0.000000  0.000000 
 0.246377  0.608696  0.086957  0.057971 
 0.014493  0.637681  0.000000  0.347826 
 0.000000  0.985507  0.000000  0.014493 
 0.101449  0.057971  0.028986  0.811594 
 0.318841  0.057971  0.521739  0.101449 
 0.101449  0.231884  0.594203  0.072464 
 0.188406  0.144928  0.057971  0.608696 
 0.014493  0.000000  0.985507  0.000000 
 0.043478  0.043478  0.753623  0.159420 
 0.231884  0.434783  0.086957  0.246377 
 0.231884  0.391304  0.289855  0.086957 
 0.347826  0.217391  0.362319  0.072464 
 0.086957  0.362319  0.333333  0.217391 
 0.275362  0.188406  0.217391  0.318841 
 0.188406  0.159420  0.492754  0.159420 
 0.275362  0.144928  0.405797  0.173913 
 0.231884  0.202899  0.492754  0.072464 
 0.333333  0.144928  0.376812  0.144928 
 0.333333  0.000000  0.565217  0.101449 
 0.304348  0.289855  0.231884  0.173913 
 0.536232  0.202899  0.173913  0.086957 
 0.275362  0.202899  0.231884  0.289855 
 0.043478  0.202899  0.333333  0.420290 
 0.130435  0.159420  0.434783  0.275362 
 0.231884  0.434783  0.289855  0.043478 


