MEME version 4

ALPHABET= ACGT

strands: + -

Background letter frequencies
A 0.25 C 0.25 G 0.25 T 0.25



MOTIF E2F5-FLAG_Preferred_ENCFF732NHA_motif_1 MOTIF-1
letter-probability matrix: alength= 4 w= 15 nsites= 443 E= 4.3e-437 
 0.167043  0.241535  0.469526  0.121896 
 0.144470  0.340858  0.415350  0.099323 
 0.185102  0.304740  0.442438  0.067720 
 0.101580  0.361174  0.465011  0.072235 
 0.212190  0.221219  0.433409  0.133183 
 0.124153  0.237020  0.388262  0.250564 
 0.058691  0.270880  0.670429  0.000000 
 0.004515  0.033860  0.952596  0.009029 
 0.000000  1.000000  0.000000  0.000000 
 0.000000  0.000000  1.000000  0.000000 
 0.000000  0.196388  0.803612  0.000000 
 0.002257  0.054176  0.943567  0.000000 
 0.704289  0.081264  0.194131  0.020316 
 0.553047  0.158014  0.288939  0.000000 
 0.379233  0.218962  0.322799  0.079007 


