MEME version 4

ALPHABET= ACGT

strands: + -

Background letter frequencies
A 0.25 C 0.25 G 0.25 T 0.25



MOTIF E2F7-FLAG_Preferred_Local_motif_4 MOTIF-4
letter-probability matrix: alength= 4 w= 12 nsites= 31 E= 6.5e-022 
 0.193548  0.000000  0.774194  0.032258 
 0.000000  0.096774  0.838710  0.064516 
 0.516129  0.483871  0.000000  0.000000 
 0.000000  0.000000  1.000000  0.000000 
 0.000000  1.000000  0.000000  0.000000 
 0.000000  0.000000  0.000000  1.000000 
 0.000000  0.000000  1.000000  0.000000 
 0.000000  0.032258  0.032258  0.935484 
 0.000000  1.000000  0.000000  0.000000 
 0.000000  1.000000  0.000000  0.000000 
 0.516129  0.032258  0.419355  0.032258 
 0.129032  0.580645  0.290323  0.000000 


