MEME version 4

ALPHABET= ACGT

strands: + -

Background letter frequencies
A 0.25 C 0.25 G 0.25 T 0.25



MOTIF ELF1_Non-preferred_ENCFF374YEM_motif_1 MOTIF-1
letter-probability matrix: alength= 4 w= 17 nsites= 484 E= 3.1e-827 
 0.196281  0.351240  0.291322  0.161157 
 0.175620  0.394628  0.301653  0.128099 
 0.194215  0.243802  0.458678  0.103306 
 0.429752  0.154959  0.285124  0.130165 
 0.549587  0.121901  0.165289  0.163223 
 0.128099  0.493802  0.283058  0.095041 
 0.035124  0.696281  0.268595  0.000000 
 0.126033  0.869835  0.004132  0.000000 
 0.000000  0.000000  1.000000  0.000000 
 0.000000  0.000000  1.000000  0.000000 
 0.985537  0.000000  0.014463  0.000000 
 1.000000  0.000000  0.000000  0.000000 
 0.072314  0.024793  0.902893  0.000000 
 0.074380  0.264463  0.066116  0.595041 
 0.146694  0.204545  0.580579  0.068182 
 0.190083  0.264463  0.462810  0.082645 
 0.171488  0.357438  0.318182  0.152893 


MOTIF ELF1_Non-preferred_ENCFF374YEM_motif_4 MOTIF-4
letter-probability matrix: alength= 4 w= 8 nsites= 103 E= 9.0e-042 
 0.563107  0.000000  0.320388  0.116505 
 0.000000  0.854369  0.000000  0.145631 
 0.000000  0.000000  0.000000  1.000000 
 0.000000  0.000000  0.000000  1.000000 
 0.000000  1.000000  0.000000  0.000000 
 0.000000  1.000000  0.000000  0.000000 
 0.000000  0.000000  1.000000  0.000000 
 0.000000  0.271845  0.728155  0.000000 


