MEME version 4

ALPHABET= ACGT

strands: + -

Background letter frequencies
A 0.25 C 0.25 G 0.25 T 0.25



MOTIF ELF1-FLAG_Preferred_ENCFF561HAC_motif_1 MOTIF-1
letter-probability matrix: alength= 4 w= 15 nsites= 434 E= 8.7e-623 
 0.182028  0.400922  0.214286  0.202765 
 0.138249  0.331797  0.341014  0.188940 
 0.071429  0.486175  0.281106  0.161290 
 0.078341  0.610599  0.172811  0.138249 
 0.559908  0.062212  0.292627  0.085253 
 0.000000  0.914747  0.016129  0.069124 
 0.000000  0.000000  0.000000  1.000000 
 0.000000  0.013825  0.000000  0.986175 
 0.000000  1.000000  0.000000  0.000000 
 0.000000  1.000000  0.000000  0.000000 
 0.000000  0.011521  0.866359  0.122120 
 0.009217  0.271889  0.670507  0.048387 
 0.115207  0.278802  0.447005  0.158986 
 0.191244  0.200461  0.105991  0.502304 
 0.129032  0.281106  0.175115  0.414747 


MOTIF ELF1-FLAG_Preferred_ENCFF561HAC_motif_4 MOTIF-4
letter-probability matrix: alength= 4 w= 8 nsites= 82 E= 3.6e-031 
 0.000000  0.695122  0.304878  0.000000 
 0.000000  1.000000  0.000000  0.000000 
 0.000000  0.000000  1.000000  0.000000 
 0.000000  0.000000  1.000000  0.000000 
 1.000000  0.000000  0.000000  0.000000 
 1.000000  0.000000  0.000000  0.000000 
 0.000000  0.000000  1.000000  0.000000 
 0.170732  0.378049  0.000000  0.451220 


