MEME version 4

ALPHABET= ACGT

strands: + -

Background letter frequencies
A 0.25 C 0.25 G 0.25 T 0.25



MOTIF ETV6-FLAG_Preferred_ENCFF387KML_motif_1 MOTIF-1
letter-probability matrix: alength= 4 w= 15 nsites= 380 E= 3.5e-288 
 0.000000  0.842105  0.136842  0.021053 
 0.071053  0.210526  0.171053  0.547368 
 0.018421  0.336842  0.628947  0.015789 
 0.028947  0.273684  0.184211  0.513158 
 0.000000  0.678947  0.260526  0.060526 
 0.023684  0.773684  0.173684  0.028947 
 0.221053  0.450000  0.255263  0.073684 
 0.113158  0.260526  0.334211  0.292105 
 0.039474  0.105263  0.821053  0.034211 
 0.007895  0.326316  0.665789  0.000000 
 0.042105  0.326316  0.084211  0.547368 
 0.023684  0.200000  0.694737  0.081579 
 0.000000  0.897368  0.084211  0.018421 
 0.060526  0.215789  0.063158  0.660526 
 0.007895  0.078947  0.913158  0.000000 


