MEME version 4

ALPHABET= ACGT

strands: + -

Background letter frequencies
A 0.25 C 0.25 G 0.25 T 0.25



MOTIF FOSL2_Non-preferred_ENCFF916GIW_motif_1 MOTIF-1
letter-probability matrix: alength= 4 w= 14 nsites= 484 E= 3.2e-991 
 0.268595  0.061983  0.386364  0.283058 
 0.363636  0.157025  0.471074  0.008264 
 0.000000  0.000000  0.000000  1.000000 
 0.000000  0.000000  1.000000  0.000000 
 1.000000  0.000000  0.000000  0.000000 
 0.000000  0.551653  0.400826  0.047521 
 0.000000  0.000000  0.000000  1.000000 
 0.016529  0.983471  0.000000  0.000000 
 1.000000  0.000000  0.000000  0.000000 
 0.022727  0.243802  0.076446  0.657025 
 0.055785  0.475207  0.252066  0.216942 
 0.123967  0.537190  0.099174  0.239669 
 0.188017  0.301653  0.123967  0.386364 
 0.146694  0.285124  0.258264  0.309917 


MOTIF FOSL2_Non-preferred_ENCFF916GIW_motif_2 MOTIF-2
letter-probability matrix: alength= 4 w= 8 nsites= 110 E= 8.1e-041 
 0.418182  0.172727  0.336364  0.072727 
 0.000000  0.000000  0.000000  1.000000 
 0.000000  0.000000  0.909091  0.090909 
 1.000000  0.000000  0.000000  0.000000 
 0.181818  0.818182  0.000000  0.000000 
 0.081818  0.000000  0.000000  0.918182 
 0.000000  1.000000  0.000000  0.000000 
 1.000000  0.000000  0.000000  0.000000 


