MEME version 4

ALPHABET= ACGT

strands: + -

Background letter frequencies
A 0.25 C 0.25 G 0.25 T 0.25



MOTIF FOSL2-FLAG_Preferred_ENCFF200ULH_motif_1 MOTIF-1
letter-probability matrix: alength= 4 w= 13 nsites= 372 E= 1.9e-611 
 0.352151  0.228495  0.244624  0.174731 
 0.333333  0.123656  0.362903  0.180108 
 0.177419  0.250000  0.381720  0.190860 
 0.370968  0.024194  0.481183  0.123656 
 0.379032  0.080645  0.500000  0.040323 
 0.000000  0.000000  0.000000  1.000000 
 0.000000  0.000000  1.000000  0.000000 
 1.000000  0.000000  0.000000  0.000000 
 0.002688  0.481183  0.451613  0.064516 
 0.000000  0.000000  0.000000  1.000000 
 0.000000  1.000000  0.000000  0.000000 
 1.000000  0.000000  0.000000  0.000000 
 0.000000  0.258065  0.241935  0.500000 


