MEME version 4

ALPHABET= ACGT

strands: + -

Background letter frequencies
A 0.25 C 0.25 G 0.25 T 0.25



MOTIF FOSL1-FLAG_Preferred_Local_motif_1 MOTIF-1
letter-probability matrix: alength= 4 w= 15 nsites= 461 E= 1.1e-813 
 0.160521  0.353579  0.206074  0.279826 
 0.327549  0.039046  0.318872  0.314534 
 0.273319  0.229935  0.483731  0.013015 
 0.002169  0.000000  0.000000  0.997831 
 0.000000  0.000000  0.969631  0.030369 
 0.997831  0.000000  0.000000  0.002169 
 0.010846  0.464208  0.477223  0.047722 
 0.002169  0.000000  0.000000  0.997831 
 0.032538  0.967462  0.000000  0.000000 
 1.000000  0.000000  0.000000  0.000000 
 0.032538  0.238612  0.075922  0.652928 
 0.086768  0.381779  0.312364  0.219089 
 0.203905  0.462039  0.117137  0.216920 
 0.216920  0.260304  0.134490  0.388286 
 0.136659  0.232104  0.290672  0.340564 


