MEME version 4

ALPHABET= ACGT

strands: + -

Background letter frequencies
A 0.25 C 0.25 G 0.25 T 0.25



MOTIF FOXA1_Non-preferred_ENCFF356THI_motif_1 MOTIF-1
letter-probability matrix: alength= 4 w= 11 nsites= 481 E= 5.4e-661 
 0.172557  0.476091  0.118503  0.232848 
 0.365904  0.056133  0.000000  0.577963 
 0.409563  0.135135  0.363825  0.091476 
 0.476091  0.000000  0.103950  0.419958 
 0.110187  0.000000  0.875260  0.014553 
 0.012474  0.224532  0.000000  0.762994 
 0.804574  0.195426  0.000000  0.000000 
 0.975052  0.020790  0.000000  0.004158 
 1.000000  0.000000  0.000000  0.000000 
 0.000000  0.723493  0.004158  0.272349 
 0.968815  0.000000  0.006237  0.024948 


MOTIF FOXA1_Non-preferred_ENCFF356THI_motif_2 MOTIF-2
letter-probability matrix: alength= 4 w= 8 nsites= 273 E= 2.8e-089 
 0.413919  0.000000  0.296703  0.289377 
 0.241758  0.000000  0.758242  0.000000 
 0.087912  0.358974  0.000000  0.553114 
 0.714286  0.285714  0.000000  0.000000 
 1.000000  0.000000  0.000000  0.000000 
 1.000000  0.000000  0.000000  0.000000 
 0.000000  0.673993  0.000000  0.326007 
 1.000000  0.000000  0.000000  0.000000 


MOTIF FOXA1_Non-preferred_ENCFF356THI_motif_4 MOTIF-4
letter-probability matrix: alength= 4 w= 11 nsites= 62 E= 6.4e-005 
 0.000000  0.000000  0.000000  1.000000 
 0.129032  0.000000  0.870968  0.000000 
 0.000000  0.000000  0.000000  1.000000 
 0.000000  0.000000  0.290323  0.709677 
 0.000000  0.000000  0.000000  1.000000 
 0.209677  0.000000  0.790323  0.000000 
 0.322581  0.161290  0.290323  0.225806 
 0.548387  0.000000  0.274194  0.177419 
 0.000000  0.451613  0.387097  0.161290 
 0.822581  0.000000  0.000000  0.177419 
 0.483871  0.000000  0.516129  0.000000 


