MEME version 4

ALPHABET= ACGT

strands: + -

Background letter frequencies
A 0.25 C 0.25 G 0.25 T 0.25



MOTIF FOXA1_Preferred_ENCFF250ISH_motif_1 MOTIF-1
letter-probability matrix: alength= 4 w= 15 nsites= 499 E= 6.7e-753 
 0.296593  0.256513  0.308617  0.138277 
 0.242485  0.408818  0.130261  0.218437 
 0.496994  0.010020  0.006012  0.486974 
 0.573146  0.126253  0.246493  0.054108 
 0.529058  0.002004  0.104208  0.364729 
 0.156313  0.006012  0.829659  0.008016 
 0.018036  0.152305  0.000000  0.829659 
 0.775551  0.222445  0.000000  0.002004 
 0.949900  0.048096  0.002004  0.000000 
 0.991984  0.000000  0.002004  0.006012 
 0.000000  0.613226  0.008016  0.378758 
 0.991984  0.000000  0.002004  0.006012 
 0.298597  0.170341  0.196393  0.334669 
 0.248497  0.180361  0.246493  0.324649 
 0.282565  0.134269  0.370741  0.212425 


MOTIF FOXA1_Preferred_ENCFF250ISH_motif_2 MOTIF-2
letter-probability matrix: alength= 4 w= 11 nsites= 430 E= 4.3e-248 
 0.072093  0.000000  0.000000  0.927907 
 0.411628  0.009302  0.579070  0.000000 
 0.000000  0.000000  0.000000  1.000000 
 0.000000  0.000000  0.125581  0.874419 
 0.000000  0.000000  0.255814  0.744186 
 0.648837  0.000000  0.320930  0.030233 
 0.090698  0.683721  0.004651  0.220930 
 0.386047  0.176744  0.011628  0.425581 
 0.125581  0.300000  0.132558  0.441860 
 0.465116  0.027907  0.086047  0.420930 
 0.351163  0.134884  0.297674  0.216279 


