MEME version 4

ALPHABET= ACGT

strands: + -

Background letter frequencies
A 0.25 C 0.25 G 0.25 T 0.25



MOTIF FOXA1-FLAG_Uncharacterized_ENCFF235PEX_motif_1 MOTIF-1
letter-probability matrix: alength= 4 w= 11 nsites= 489 E= 3.4e-695 
 0.163599  0.472393  0.161554  0.202454 
 0.435583  0.032720  0.020450  0.511247 
 0.427403  0.130879  0.390593  0.051125 
 0.453988  0.010225  0.153374  0.382413 
 0.085890  0.000000  0.897751  0.016360 
 0.002045  0.173824  0.000000  0.824131 
 0.781186  0.218814  0.000000  0.000000 
 0.932515  0.067485  0.000000  0.000000 
 1.000000  0.000000  0.000000  0.000000 
 0.000000  0.799591  0.000000  0.200409 
 0.979550  0.000000  0.006135  0.014315 


MOTIF FOXA1-FLAG_Uncharacterized_ENCFF235PEX_motif_2 MOTIF-2
letter-probability matrix: alength= 4 w= 8 nsites= 152 E= 5.3e-037 
 0.388158  0.000000  0.230263  0.381579 
 0.000000  0.000000  1.000000  0.000000 
 0.000000  0.407895  0.000000  0.592105 
 0.644737  0.355263  0.000000  0.000000 
 1.000000  0.000000  0.000000  0.000000 
 1.000000  0.000000  0.000000  0.000000 
 0.000000  0.598684  0.000000  0.401316 
 1.000000  0.000000  0.000000  0.000000 


