MEME version 4

ALPHABET= ACGT

strands: + -

Background letter frequencies
A 0.25 C 0.25 G 0.25 T 0.25



MOTIF FOXA3-FLAG_Preferred_ENCFF966LKN_motif_1 MOTIF-1
letter-probability matrix: alength= 4 w= 11 nsites= 473 E= 2.0e-601 
 0.234672  0.397463  0.150106  0.217759 
 0.437632  0.042283  0.021142  0.498943 
 0.403805  0.147992  0.338266  0.109937 
 0.393235  0.000000  0.158562  0.448203 
 0.097252  0.000000  0.892178  0.010571 
 0.019027  0.141649  0.000000  0.839323 
 0.786469  0.213531  0.000000  0.000000 
 0.955603  0.044397  0.000000  0.000000 
 0.997886  0.000000  0.000000  0.002114 
 0.000000  0.725159  0.002114  0.272727 
 0.972516  0.000000  0.006342  0.021142 


MOTIF FOXA3-FLAG_Preferred_ENCFF966LKN_motif_2 MOTIF-2
letter-probability matrix: alength= 4 w= 8 nsites= 163 E= 4.5e-054 
 0.000000  0.000000  0.000000  1.000000 
 0.361963  0.000000  0.638037  0.000000 
 0.000000  0.000000  0.000000  1.000000 
 0.000000  0.000000  0.000000  1.000000 
 0.000000  0.000000  0.000000  1.000000 
 0.355828  0.000000  0.644172  0.000000 
 0.000000  0.625767  0.000000  0.374233 
 0.251534  0.251534  0.000000  0.496933 


