MEME version 4

ALPHABET= ACGT

strands: + -

Background letter frequencies
A 0.25 C 0.25 G 0.25 T 0.25



MOTIF FOXA2_Preferred_ENCFF589WTM_motif_1 MOTIF-1
letter-probability matrix: alength= 4 w= 11 nsites= 488 E= 1.8e-636 
 0.006148  0.004098  0.000000  0.989754 
 0.323770  0.002049  0.674180  0.000000 
 0.010246  0.000000  0.000000  0.989754 
 0.000000  0.000000  0.049180  0.950820 
 0.000000  0.002049  0.229508  0.768443 
 0.795082  0.000000  0.168033  0.036885 
 0.018443  0.836066  0.000000  0.145492 
 0.446721  0.094262  0.008197  0.450820 
 0.071721  0.303279  0.102459  0.522541 
 0.489754  0.018443  0.034836  0.456967 
 0.247951  0.114754  0.426230  0.211066 


MOTIF FOXA2_Preferred_ENCFF589WTM_motif_2 MOTIF-2
letter-probability matrix: alength= 4 w= 15 nsites= 261 E= 2.0e-073 
 0.367816  0.210728  0.214559  0.206897 
 0.245211  0.390805  0.107280  0.256705 
 0.375479  0.068966  0.000000  0.555556 
 0.375479  0.137931  0.329502  0.157088 
 0.425287  0.000000  0.256705  0.318008 
 0.222222  0.000000  0.628352  0.149425 
 0.061303  0.310345  0.000000  0.628352 
 0.766284  0.233716  0.000000  0.000000 
 0.835249  0.164751  0.000000  0.000000 
 1.000000  0.000000  0.000000  0.000000 
 0.000000  0.559387  0.026820  0.413793 
 0.973180  0.000000  0.000000  0.026820 
 0.206897  0.160920  0.291188  0.340996 
 0.333333  0.091954  0.153257  0.421456 
 0.149425  0.176245  0.375479  0.298851 


