MEME version 4

ALPHABET= ACGT

strands: + -

Background letter frequencies
A 0.25 C 0.25 G 0.25 T 0.25



MOTIF FOXA1_Non-preferred_ENCFF055VNJ_motif_1 MOTIF-1
letter-probability matrix: alength= 4 w= 11 nsites= 500 E= 4.2e-645 
 0.180000  0.458000  0.142000  0.220000 
 0.444000  0.038000  0.018000  0.500000 
 0.488000  0.102000  0.346000  0.064000 
 0.502000  0.002000  0.130000  0.366000 
 0.174000  0.008000  0.804000  0.014000 
 0.026000  0.266000  0.002000  0.706000 
 0.830000  0.168000  0.002000  0.000000 
 0.976000  0.016000  0.000000  0.008000 
 0.994000  0.002000  0.000000  0.004000 
 0.000000  0.650000  0.004000  0.346000 
 0.968000  0.000000  0.006000  0.026000 


MOTIF FOXA1_Non-preferred_ENCFF055VNJ_motif_2 MOTIF-2
letter-probability matrix: alength= 4 w= 11 nsites= 405 E= 4.7e-144 
 0.039506  0.000000  0.007407  0.953086 
 0.296296  0.019753  0.683951  0.000000 
 0.000000  0.000000  0.000000  1.000000 
 0.000000  0.000000  0.138272  0.861728 
 0.000000  0.000000  0.246914  0.753086 
 0.580247  0.000000  0.380247  0.039506 
 0.088889  0.654321  0.044444  0.212346 
 0.353086  0.219753  0.034568  0.392593 
 0.123457  0.325926  0.145679  0.404938 
 0.464198  0.059259  0.101235  0.375309 
 0.274074  0.148148  0.358025  0.219753 


