MEME version 4

ALPHABET= ACGT

strands: + -

Background letter frequencies
A 0.25 C 0.25 G 0.25 T 0.25



MOTIF GABPA_Non-preferred_ENCFF528DHC_motif_1 MOTIF-1
letter-probability matrix: alength= 4 w= 11 nsites= 489 E= 1.3e-842 
 0.374233  0.169734  0.417178  0.038855 
 0.030675  0.787321  0.182004  0.000000 
 0.047035  0.952965  0.000000  0.000000 
 0.002045  0.000000  0.997955  0.000000 
 0.000000  0.000000  1.000000  0.000000 
 1.000000  0.000000  0.000000  0.000000 
 0.991820  0.000000  0.002045  0.006135 
 0.083845  0.024540  0.889571  0.002045 
 0.036810  0.308793  0.044990  0.609407 
 0.128834  0.161554  0.611452  0.098160 
 0.182004  0.271984  0.501022  0.044990 


MOTIF GABPA_Non-preferred_ENCFF528DHC_motif_2 MOTIF-2
letter-probability matrix: alength= 4 w= 20 nsites= 497 E= 1.5e-307 
 0.132797  0.422535  0.360161  0.084507 
 0.154930  0.452716  0.279678  0.112676 
 0.146881  0.303823  0.386318  0.162978 
 0.122736  0.388330  0.315895  0.173038 
 0.112676  0.436620  0.273642  0.177062 
 0.366197  0.140845  0.418511  0.074447 
 0.000000  0.647887  0.183099  0.169014 
 0.044266  0.112676  0.046278  0.796781 
 0.000000  0.088531  0.096579  0.814889 
 0.000000  0.975855  0.020121  0.004024 
 0.000000  0.991952  0.000000  0.008048 
 0.024145  0.094567  0.720322  0.160966 
 0.040241  0.342052  0.527163  0.090543 
 0.046278  0.428571  0.237425  0.287726 
 0.060362  0.364185  0.321932  0.253521 
 0.086519  0.484909  0.269618  0.158954 
 0.092555  0.480885  0.285714  0.140845 
 0.088531  0.338028  0.386318  0.187123 
 0.096579  0.342052  0.434608  0.126761 
 0.120724  0.444668  0.305835  0.128773 


MOTIF GABPA_Non-preferred_ENCFF528DHC_motif_4 MOTIF-4
letter-probability matrix: alength= 4 w= 8 nsites= 99 E= 7.5e-013 
 0.000000  0.666667  0.333333  0.000000 
 0.000000  1.000000  0.000000  0.000000 
 0.000000  0.000000  1.000000  0.000000 
 0.000000  0.000000  1.000000  0.000000 
 1.000000  0.000000  0.000000  0.000000 
 1.000000  0.000000  0.000000  0.000000 
 0.000000  0.323232  0.676768  0.000000 
 0.191919  0.323232  0.070707  0.414141 


