MEME version 4

ALPHABET= ACGT

strands: + -

Background letter frequencies
A 0.25 C 0.25 G 0.25 T 0.25



MOTIF GATA2-FLAG_Preferred_ENCFF997DRI_motif_1 MOTIF-1
letter-probability matrix: alength= 4 w= 20 nsites= 429 E= 2.2e-340 
 0.284382  0.170163  0.233100  0.312354 
 0.291375  0.153846  0.321678  0.233100 
 0.307692  0.167832  0.254079  0.270396 
 0.307692  0.205128  0.207459  0.279720 
 0.272727  0.237762  0.200466  0.289044 
 0.303030  0.191142  0.237762  0.268065 
 0.289044  0.263403  0.195804  0.251748 
 0.410256  0.153846  0.242424  0.193473 
 0.179487  0.368298  0.344988  0.107226 
 0.692308  0.000000  0.000000  0.307692 
 0.000000  0.000000  1.000000  0.000000 
 1.000000  0.000000  0.000000  0.000000 
 0.000000  0.004662  0.023310  0.972028 
 0.911422  0.000000  0.016317  0.072261 
 0.820513  0.030303  0.123543  0.025641 
 0.179487  0.233100  0.498834  0.088578 
 0.561772  0.125874  0.261072  0.051282 
 0.319347  0.114219  0.149184  0.417249 
 0.177156  0.407925  0.163170  0.251748 
 0.233100  0.247086  0.172494  0.347319 


