MEME version 4

ALPHABET= ACGT

strands: + -

Background letter frequencies
A 0.25 C 0.25 G 0.25 T 0.25



MOTIF GLMP-FLAG_Preferred_Local_motif_1 MOTIF-1
letter-probability matrix: alength= 4 w= 15 nsites= 143 E= 1.9e-497 
 0.000000  0.965035  0.006993  0.027972 
 0.979021  0.000000  0.020979  0.000000 
 0.006993  0.006993  0.986014  0.000000 
 0.034965  0.790210  0.118881  0.055944 
 0.993007  0.000000  0.000000  0.006993 
 0.000000  0.993007  0.006993  0.000000 
 0.006993  0.951049  0.013986  0.027972 
 0.566434  0.055944  0.209790  0.167832 
 0.069930  0.398601  0.097902  0.433566 
 0.020979  0.000000  0.979021  0.000000 
 0.020979  0.000000  0.979021  0.000000 
 0.916084  0.062937  0.000000  0.020979 
 0.000000  0.881119  0.111888  0.006993 
 0.979021  0.000000  0.000000  0.020979 
 0.000000  0.000000  1.000000  0.000000 


MOTIF GLMP-FLAG_Preferred_Local_motif_4 MOTIF-4
letter-probability matrix: alength= 4 w= 11 nsites= 31 E= 1.9e-018 
 0.000000  0.000000  1.000000  0.000000 
 0.000000  0.000000  1.000000  0.000000 
 1.000000  0.000000  0.000000  0.000000 
 0.000000  1.000000  0.000000  0.000000 
 0.935484  0.064516  0.000000  0.000000 
 0.000000  0.000000  1.000000  0.000000 
 0.000000  1.000000  0.000000  0.000000 
 0.000000  0.064516  0.290323  0.645161 
 0.032258  0.967742  0.000000  0.000000 
 0.064516  0.741935  0.000000  0.193548 
 0.096774  0.516129  0.225806  0.161290 


MOTIF GLMP-FLAG_Preferred_Local_motif_5 MOTIF-5
letter-probability matrix: alength= 4 w= 15 nsites= 31 E= 1.5e-010 
 0.064516  0.290323  0.516129  0.129032 
 0.096774  0.483871  0.193548  0.225806 
 0.193548  0.451613  0.064516  0.290323 
 0.000000  0.645161  0.161290  0.193548 
 0.064516  0.387097  0.548387  0.000000 
 0.225806  0.354839  0.129032  0.290323 
 0.193548  0.000000  0.806452  0.000000 
 0.000000  0.064516  0.935484  0.000000 
 0.000000  0.032258  0.000000  0.967742 
 0.000000  0.000000  1.000000  0.000000 
 0.000000  0.967742  0.032258  0.000000 
 0.000000  0.000000  0.000000  1.000000 
 0.000000  0.000000  1.000000  0.000000 
 0.806452  0.000000  0.193548  0.000000 
 0.774194  0.225806  0.000000  0.000000 


