MEME version 4

ALPHABET= ACGT

strands: + -

Background letter frequencies
A 0.25 C 0.25 G 0.25 T 0.25



MOTIF GTF2F1_Non-preferred_ENCFF192JMF_motif_1 MOTIF-1
letter-probability matrix: alength= 4 w= 15 nsites= 97 E= 1.5e-180 
 0.123711  0.350515  0.432990  0.092784 
 0.051546  0.432990  0.288660  0.226804 
 0.123711  0.546392  0.329897  0.000000 
 0.175258  0.195876  0.432990  0.195876 
 0.103093  0.257732  0.587629  0.051546 
 0.309278  0.051546  0.639175  0.000000 
 0.000000  0.082474  0.041237  0.876289 
 0.000000  1.000000  0.000000  0.000000 
 0.989691  0.000000  0.000000  0.010309 
 0.010309  0.979381  0.000000  0.010309 
 0.020619  0.000000  0.979381  0.000000 
 0.000000  0.000000  0.000000  1.000000 
 0.000000  0.000000  0.989691  0.010309 
 0.958763  0.000000  0.030928  0.010309 
 0.000000  0.948454  0.000000  0.051546 


