MEME version 4

ALPHABET= ACGT

strands: + -

Background letter frequencies
A 0.25 C 0.25 G 0.25 T 0.25



MOTIF HCFC1_Preferred_ENCFF391KIU_motif_1 MOTIF-1
letter-probability matrix: alength= 4 w= 16 nsites= 410 E= 2.6e-1515 
 0.014634  0.251220  0.029268  0.704878 
 0.031707  0.224390  0.373171  0.370732 
 0.090244  0.760976  0.080488  0.068293 
 0.009756  0.182927  0.000000  0.807317 
 0.007317  0.000000  0.992683  0.000000 
 0.000000  0.000000  1.000000  0.000000 
 0.014634  0.002439  0.973171  0.009756 
 0.870732  0.019512  0.063415  0.046341 
 0.419512  0.129268  0.348780  0.102439 
 0.270732  0.100000  0.095122  0.534146 
 0.012195  0.078049  0.056098  0.853659 
 0.009756  0.000000  0.990244  0.000000 
 0.026829  0.024390  0.019512  0.929268 
 0.943902  0.002439  0.053659  0.000000 
 0.000000  0.000000  0.997561  0.002439 
 0.002439  0.000000  0.014634  0.982927 


MOTIF HCFC1_Preferred_ENCFF391KIU_motif_2 MOTIF-2
letter-probability matrix: alength= 4 w= 21 nsites= 139 E= 6.9e-302 
 0.237410  0.129496  0.553957  0.079137 
 0.187050  0.021583  0.589928  0.201439 
 0.050360  0.035971  0.870504  0.043165 
 0.100719  0.489209  0.294964  0.115108 
 0.345324  0.402878  0.129496  0.122302 
 0.035971  0.287770  0.028777  0.647482 
 0.050360  0.179856  0.381295  0.388489 
 0.093525  0.654676  0.115108  0.136691 
 0.000000  0.179856  0.035971  0.784173 
 0.007194  0.000000  0.992806  0.000000 
 0.000000  0.007194  0.992806  0.000000 
 0.035971  0.000000  0.949640  0.014388 
 0.798561  0.021583  0.100719  0.079137 
 0.431655  0.151079  0.294964  0.122302 
 0.309353  0.115108  0.143885  0.431655 
 0.035971  0.194245  0.100719  0.669065 
 0.021583  0.043165  0.906475  0.028777 
 0.028777  0.079137  0.179856  0.712230 
 0.820144  0.014388  0.165468  0.000000 
 0.000000  0.014388  0.978417  0.007194 
 0.000000  0.071942  0.093525  0.834532 


