MEME version 4

ALPHABET= ACGT

strands: + -

Background letter frequencies
A 0.25 C 0.25 G 0.25 T 0.25



MOTIF HINFP-FLAG_Preferred_ENCFF718SEF_motif_1 MOTIF-1
letter-probability matrix: alength= 4 w= 19 nsites= 425 E= 7.2e-424 
 0.120000  0.322353  0.277647  0.280000 
 0.075294  0.468235  0.185882  0.270588 
 0.054118  0.489412  0.225882  0.230588 
 0.058824  0.364706  0.216471  0.360000 
 0.061176  0.668235  0.155294  0.115294 
 0.164706  0.308235  0.216471  0.310588 
 0.134118  0.411765  0.265882  0.188235 
 0.025882  0.663529  0.096471  0.214118 
 0.195294  0.376471  0.235294  0.192941 
 0.112941  0.282353  0.480000  0.124706 
 0.094118  0.362353  0.543529  0.000000 
 0.000000  0.070588  0.915294  0.014118 
 0.030588  0.042353  0.040000  0.887059 
 0.000000  1.000000  0.000000  0.000000 
 0.000000  0.950588  0.049412  0.000000 
 0.028235  0.002353  0.891765  0.077647 
 0.016471  0.752941  0.181176  0.049412 
 0.077647  0.287059  0.395294  0.240000 
 0.141176  0.249412  0.477647  0.131765 


