MEME version 4

ALPHABET= ACGT

strands: + -

Background letter frequencies
A 0.25 C 0.25 G 0.25 T 0.25



MOTIF HLF-FLAG_Preferred_ENCFF389WFG_motif_1 MOTIF-1
letter-probability matrix: alength= 4 w= 12 nsites= 497 E= 2.6e-1074 
 0.219316  0.152918  0.281690  0.346076 
 0.183099  0.154930  0.641851  0.020121 
 0.000000  0.000000  0.002012  0.997988 
 0.000000  0.002012  0.000000  0.997988 
 0.060362  0.004024  0.935614  0.000000 
 0.002012  0.631791  0.000000  0.366197 
 0.728370  0.000000  0.271630  0.000000 
 0.000000  0.010060  0.000000  0.989940 
 0.987928  0.012072  0.000000  0.000000 
 1.000000  0.000000  0.000000  0.000000 
 0.018109  0.577465  0.205231  0.199195 
 0.293763  0.317907  0.146881  0.241449 


MOTIF HLF-FLAG_Preferred_ENCFF389WFG_motif_3 MOTIF-3
letter-probability matrix: alength= 4 w= 8 nsites= 47 E= 2.5e-010 
 0.000000  0.000000  0.000000  1.000000 
 0.000000  0.000000  0.000000  1.000000 
 0.446809  0.000000  0.553191  0.000000 
 0.000000  1.000000  0.000000  0.000000 
 1.000000  0.000000  0.000000  0.000000 
 0.000000  0.489362  0.000000  0.510638 
 1.000000  0.000000  0.000000  0.000000 
 1.000000  0.000000  0.000000  0.000000 


