MEME version 4

ALPHABET= ACGT

strands: + -

Background letter frequencies
A 0.25 C 0.25 G 0.25 T 0.25



MOTIF HNF1A_Preferred_ENCFF346SLA_motif_1 MOTIF-1
letter-probability matrix: alength= 4 w= 15 nsites= 419 E= 1.6e-886 
 0.205251  0.064439  0.632458  0.097852 
 0.069212  0.073986  0.152745  0.704057 
 0.095465  0.205251  0.066826  0.632458 
 0.926014  0.000000  0.057279  0.016706 
 0.856802  0.083532  0.000000  0.059666 
 0.210024  0.050119  0.014320  0.725537 
 0.145585  0.377088  0.274463  0.202864 
 0.873508  0.000000  0.014320  0.112172 
 0.031026  0.000000  0.026253  0.942721 
 0.014320  0.019093  0.009547  0.957041 
 0.875895  0.004773  0.026253  0.093079 
 0.909308  0.000000  0.085919  0.004773 
 0.040573  0.892601  0.007160  0.059666 
 0.159905  0.496420  0.000000  0.343675 
 0.503580  0.214797  0.097852  0.183771 


