MEME version 4

ALPHABET= ACGT

strands: + -

Background letter frequencies
A 0.25 C 0.25 G 0.25 T 0.25



MOTIF HNF4A_Non-preferred_ENCFF808SYK_motif_1 MOTIF-1
letter-probability matrix: alength= 4 w= 12 nsites= 481 E= 4.1e-578 
 0.058212  0.004158  0.927235  0.010395 
 0.249480  0.099792  0.604990  0.045738 
 0.779626  0.174636  0.010395  0.035343 
 0.024948  0.960499  0.012474  0.002079 
 0.000000  0.112266  0.002079  0.885655 
 0.022869  0.172557  0.020790  0.783784 
 0.016632  0.024948  0.024948  0.933472 
 0.089397  0.008316  0.877339  0.024948 
 0.284823  0.216216  0.376299  0.122661 
 0.424116  0.328482  0.072765  0.174636 
 0.079002  0.819127  0.020790  0.081081 
 0.099792  0.428274  0.022869  0.449064 


MOTIF HNF4A_Non-preferred_ENCFF808SYK_motif_4 MOTIF-4
letter-probability matrix: alength= 4 w= 11 nsites= 49 E= 5.9e-003 
 0.020408  0.959184  0.020408  0.000000 
 0.918367  0.081633  0.000000  0.000000 
 0.673469  0.122449  0.204082  0.000000 
 0.959184  0.000000  0.040816  0.000000 
 0.000000  0.000000  1.000000  0.000000 
 0.000000  0.040816  0.816327  0.142857 
 0.000000  0.224490  0.428571  0.346939 
 0.000000  1.000000  0.000000  0.000000 
 0.897959  0.000000  0.000000  0.102041 
 0.020408  0.122449  0.755102  0.102041 
 0.183673  0.061224  0.489796  0.265306 


MOTIF HNF4A_Non-preferred_ENCFF808SYK_motif_5 MOTIF-5
letter-probability matrix: alength= 4 w= 11 nsites= 82 E= 1.9e-002 
 0.414634  0.207317  0.109756  0.268293 
 0.414634  0.036585  0.548780  0.000000 
 0.439024  0.000000  0.536585  0.024390 
 0.000000  0.000000  0.963415  0.036585 
 0.402439  0.000000  0.414634  0.182927 
 0.134146  0.231707  0.304878  0.329268 
 0.000000  1.000000  0.000000  0.000000 
 1.000000  0.000000  0.000000  0.000000 
 0.475610  0.243902  0.280488  0.000000 
 1.000000  0.000000  0.000000  0.000000 
 0.000000  0.000000  1.000000  0.000000 


