MEME version 4

ALPHABET= ACGT

strands: + -

Background letter frequencies
A 0.25 C 0.25 G 0.25 T 0.25



MOTIF HNF4A-FLAG_Preferred_ENCFF711YEK_motif_1 MOTIF-1
letter-probability matrix: alength= 4 w= 15 nsites= 487 E= 1.3e-568 
 0.104723  0.092402  0.063655  0.739220 
 0.108830  0.000000  0.858316  0.032854 
 0.268994  0.141684  0.548255  0.041068 
 0.696099  0.219713  0.028747  0.055441 
 0.039014  0.954825  0.006160  0.000000 
 0.000000  0.145791  0.006160  0.848049 
 0.022587  0.164271  0.026694  0.786448 
 0.014374  0.016427  0.034908  0.934292 
 0.059548  0.004107  0.893224  0.043121 
 0.264887  0.229979  0.349076  0.156057 
 0.441478  0.273101  0.090349  0.195072 
 0.104723  0.751540  0.057495  0.086242 
 0.100616  0.429158  0.034908  0.435318 
 0.137577  0.357290  0.207392  0.297741 
 0.234086  0.180698  0.219713  0.365503 


