MEME version 4

ALPHABET= ACGT

strands: + -

Background letter frequencies
A 0.25 C 0.25 G 0.25 T 0.25



MOTIF HNF4G_Non-preferred_ENCFF492RBE_motif_1 MOTIF-1
letter-probability matrix: alength= 4 w= 13 nsites= 500 E= 5.1e-641 
 0.462000  0.050000  0.372000  0.116000 
 0.086000  0.036000  0.768000  0.110000 
 0.200000  0.074000  0.308000  0.418000 
 0.152000  0.346000  0.246000  0.256000 
 0.016000  0.896000  0.016000  0.072000 
 0.918000  0.034000  0.026000  0.022000 
 0.848000  0.024000  0.126000  0.002000 
 0.906000  0.002000  0.086000  0.006000 
 0.010000  0.006000  0.962000  0.022000 
 0.020000  0.012000  0.358000  0.610000 
 0.036000  0.534000  0.100000  0.330000 
 0.022000  0.858000  0.012000  0.108000 
 0.706000  0.078000  0.108000  0.108000 


