MEME version 4

ALPHABET= ACGT

strands: + -

Background letter frequencies
A 0.25 C 0.25 G 0.25 T 0.25



MOTIF HNF4G-FLAG_Preferred_ENCFF107CTN_motif_1 MOTIF-1
letter-probability matrix: alength= 4 w= 15 nsites= 453 E= 6.7e-550 
 0.350993  0.260486  0.194260  0.194260 
 0.284768  0.245033  0.379691  0.090508 
 0.415011  0.050773  0.415011  0.119205 
 0.064018  0.033113  0.823400  0.079470 
 0.167770  0.070640  0.373068  0.388521 
 0.125828  0.392936  0.273731  0.207506 
 0.013245  0.922737  0.015453  0.048565 
 0.916115  0.033113  0.037528  0.013245 
 0.816777  0.015453  0.165563  0.002208 
 0.863135  0.000000  0.136865  0.000000 
 0.000000  0.000000  0.988962  0.011038 
 0.015453  0.017660  0.401766  0.565121 
 0.052980  0.479029  0.150110  0.317881 
 0.028698  0.867550  0.004415  0.099338 
 0.671082  0.081678  0.130243  0.116998 


