MEME version 4

ALPHABET= ACGT

strands: + -

Background letter frequencies
A 0.25 C 0.25 G 0.25 T 0.25



MOTIF HNRNPUL1_Preferred_ENCFF323QVV_motif_1 MOTIF-1
letter-probability matrix: alength= 4 w= 15 nsites= 314 E= 2.4e-698 
 0.388535  0.063694  0.299363  0.248408 
 0.168790  0.047771  0.710191  0.073248 
 0.000000  0.060510  0.050955  0.888535 
 0.105096  0.105096  0.006369  0.783439 
 0.971338  0.000000  0.019108  0.009554 
 0.866242  0.070064  0.006369  0.057325 
 0.184713  0.047771  0.009554  0.757962 
 0.079618  0.697452  0.000000  0.222930 
 0.974522  0.000000  0.000000  0.025478 
 0.012739  0.000000  0.041401  0.945860 
 0.000000  0.009554  0.000000  0.990446 
 0.710191  0.054140  0.085987  0.149682 
 0.828025  0.073248  0.066879  0.031847 
 0.066879  0.719745  0.012739  0.200637 
 0.232484  0.442675  0.060510  0.264331 


