MEME version 4

ALPHABET= ACGT

strands: + -

Background letter frequencies
A 0.25 C 0.25 G 0.25 T 0.25



MOTIF HSF2-FLAG_Preferred_ENCFF932DAC_motif_1 MOTIF-1
letter-probability matrix: alength= 4 w= 15 nsites= 443 E= 3.2e-921 
 0.510158  0.065463  0.388262  0.036117 
 0.018059  0.006772  0.975169  0.000000 
 0.943567  0.020316  0.011287  0.024831 
 0.866817  0.022573  0.042889  0.067720 
 0.270880  0.264108  0.282167  0.182844 
 0.198646  0.288939  0.334086  0.178330 
 0.067720  0.067720  0.054176  0.810384 
 0.040632  0.022573  0.065463  0.871332 
 0.000000  1.000000  0.000000  0.000000 
 0.004515  0.397291  0.024831  0.573363 
 0.659142  0.027088  0.300226  0.013544 
 0.000000  0.006772  0.993228  0.000000 
 0.869074  0.038375  0.054176  0.038375 
 0.751693  0.067720  0.110609  0.069977 
 0.293454  0.237020  0.322799  0.146727 


