MEME version 4

ALPHABET= ACGT

strands: + -

Background letter frequencies
A 0.25 C 0.25 G 0.25 T 0.25



MOTIF HSF4-FLAG_Preferred_Local_motif_5 MOTIF-5
letter-probability matrix: alength= 4 w= 14 nsites= 86 E= 2.7e-013 
 0.046512  0.372093  0.546512  0.034884 
 0.046512  0.627907  0.209302  0.116279 
 0.127907  0.430233  0.255814  0.186047 
 0.058140  0.104651  0.593023  0.244186 
 0.127907  0.244186  0.627907  0.000000 
 0.069767  0.430233  0.383721  0.116279 
 0.000000  1.000000  0.000000  0.000000 
 0.860465  0.000000  0.034884  0.104651 
 0.000000  0.976744  0.023256  0.000000 
 0.139535  0.069767  0.790698  0.000000 
 0.011628  0.034884  0.000000  0.953488 
 0.000000  0.000000  1.000000  0.000000 
 0.069767  0.197674  0.697674  0.034884 
 0.151163  0.406977  0.139535  0.302326 


