MEME version 4

ALPHABET= ACGT

strands: + -

Background letter frequencies
A 0.25 C 0.25 G 0.25 T 0.25



MOTIF JRK-FLAG_Preferred_Local_motif_1 MOTIF-1
letter-probability matrix: alength= 4 w= 17 nsites= 171 E= 7.8e-205 
 0.374269  0.210526  0.286550  0.128655 
 0.099415  0.695906  0.035088  0.169591 
 0.040936  0.614035  0.000000  0.345029 
 0.000000  0.216374  0.000000  0.783626 
 0.000000  1.000000  0.000000  0.000000 
 0.602339  0.099415  0.187135  0.111111 
 0.187135  0.216374  0.538012  0.058480 
 0.210526  0.140351  0.146199  0.502924 
 0.146199  0.204678  0.000000  0.649123 
 0.824561  0.023392  0.011696  0.140351 
 0.374269  0.070175  0.023392  0.532164 
 0.076023  0.859649  0.040936  0.023392 
 0.035088  0.754386  0.000000  0.210526 
 0.251462  0.000000  0.748538  0.000000 
 0.052632  0.029240  0.883041  0.035088 
 0.906433  0.035088  0.058480  0.000000 
 0.637427  0.081871  0.198830  0.081871 


