MEME version 4

ALPHABET= ACGT

strands: + -

Background letter frequencies
A 0.25 C 0.25 G 0.25 T 0.25



MOTIF JUN_Non-preferred_ENCFF265UCB_motif_1 MOTIF-1
letter-probability matrix: alength= 4 w= 15 nsites= 324 E= 3.9e-668 
 0.191358  0.132716  0.459877  0.216049 
 0.663580  0.101852  0.225309  0.009259 
 0.000000  0.000000  0.000000  1.000000 
 0.003086  0.003086  0.817901  0.175926 
 0.935185  0.000000  0.064815  0.000000 
 0.009259  0.932099  0.058642  0.000000 
 0.259259  0.055556  0.679012  0.006173 
 0.000000  0.000000  0.000000  1.000000 
 0.000000  1.000000  0.000000  0.000000 
 1.000000  0.000000  0.000000  0.000000 
 0.000000  0.268519  0.003086  0.728395 
 0.018519  0.555556  0.092593  0.333333 
 0.206790  0.333333  0.145062  0.314815 
 0.237654  0.330247  0.104938  0.327160 
 0.203704  0.290123  0.179012  0.327160 


MOTIF JUN_Non-preferred_ENCFF265UCB_motif_2 MOTIF-2
letter-probability matrix: alength= 4 w= 20 nsites= 198 E= 4.3e-237 
 0.530303  0.090909  0.368687  0.010101 
 0.000000  0.000000  0.000000  1.000000 
 0.000000  0.005051  0.964646  0.030303 
 0.984848  0.000000  0.000000  0.015152 
 0.085859  0.601010  0.308081  0.005051 
 0.035354  0.000000  0.000000  0.964646 
 0.025253  0.974747  0.000000  0.000000 
 0.994949  0.000000  0.005051  0.000000 
 0.035354  0.252525  0.045455  0.666667 
 0.070707  0.439394  0.237374  0.252525 
 0.282828  0.404040  0.131313  0.181818 
 0.202020  0.303030  0.111111  0.383838 
 0.222222  0.085859  0.252525  0.439394 
 0.308081  0.186869  0.232323  0.272727 
 0.292929  0.237374  0.151515  0.318182 
 0.297980  0.181818  0.277778  0.242424 
 0.338384  0.207071  0.146465  0.308081 
 0.404040  0.222222  0.151515  0.222222 
 0.530303  0.101010  0.116162  0.252525 
 0.328283  0.186869  0.161616  0.323232 


MOTIF JUN_Non-preferred_ENCFF265UCB_motif_3 MOTIF-3
letter-probability matrix: alength= 4 w= 8 nsites= 62 E= 1.5e-008 
 0.806452  0.000000  0.193548  0.000000 
 0.000000  0.000000  0.000000  1.000000 
 0.000000  0.000000  1.000000  0.000000 
 1.000000  0.000000  0.000000  0.000000 
 0.000000  0.548387  0.306452  0.145161 
 0.000000  0.000000  0.000000  1.000000 
 0.209677  0.790323  0.000000  0.000000 
 1.000000  0.000000  0.000000  0.000000 


