MEME version 4

ALPHABET= ACGT

strands: + -

Background letter frequencies
A 0.25 C 0.25 G 0.25 T 0.25



MOTIF JUND_Preferred_ENCFF281KZH_motif_1 MOTIF-1
letter-probability matrix: alength= 4 w= 11 nsites= 500 E= 1.3e-658 
 0.314000  0.168000  0.434000  0.084000 
 0.296000  0.026000  0.152000  0.526000 
 0.006000  0.006000  0.468000  0.520000 
 0.512000  0.000000  0.476000  0.012000 
 0.470000  0.474000  0.016000  0.040000 
 0.030000  0.028000  0.938000  0.004000 
 0.000000  0.000000  0.002000  0.998000 
 0.000000  1.000000  0.000000  0.000000 
 0.988000  0.002000  0.000000  0.010000 
 0.000000  0.288000  0.020000  0.692000 
 0.094000  0.622000  0.064000  0.220000 


MOTIF JUND_Preferred_ENCFF281KZH_motif_3 MOTIF-3
letter-probability matrix: alength= 4 w= 8 nsites= 73 E= 1.9e-012 
 0.726027  0.000000  0.273973  0.000000 
 0.000000  0.000000  0.000000  1.000000 
 0.000000  0.000000  1.000000  0.000000 
 1.000000  0.000000  0.000000  0.000000 
 0.000000  0.547945  0.287671  0.164384 
 0.000000  0.000000  0.000000  1.000000 
 0.260274  0.739726  0.000000  0.000000 
 1.000000  0.000000  0.000000  0.000000 


