MEME version 4

ALPHABET= ACGT

strands: + -

Background letter frequencies
A 0.25 C 0.25 G 0.25 T 0.25



MOTIF JUND_Non-preferred_ENCFF577XUM_motif_1 MOTIF-1
letter-probability matrix: alength= 4 w= 13 nsites= 457 E= 3.8e-871 
 0.323851  0.262582  0.282276  0.131291 
 0.356674  0.096280  0.365427  0.181619 
 0.205689  0.120350  0.555799  0.118162 
 0.277899  0.129103  0.566740  0.026258 
 0.529540  0.113786  0.328228  0.028446 
 0.000000  0.000000  0.002188  0.997812 
 0.000000  0.000000  0.980306  0.019694 
 0.997812  0.002188  0.000000  0.000000 
 0.037199  0.424508  0.538293  0.000000 
 0.000000  0.000000  0.000000  1.000000 
 0.013129  0.986871  0.000000  0.000000 
 1.000000  0.000000  0.000000  0.000000 
 0.000000  0.431072  0.148796  0.420131 


MOTIF JUND_Non-preferred_ENCFF577XUM_motif_3 MOTIF-3
letter-probability matrix: alength= 4 w= 8 nsites= 91 E= 7.2e-028 
 0.000000  0.000000  0.000000  1.000000 
 0.000000  0.000000  1.000000  0.000000 
 0.846154  0.000000  0.000000  0.153846 
 0.000000  0.032967  0.758242  0.208791 
 0.000000  0.000000  0.000000  1.000000 
 0.000000  1.000000  0.000000  0.000000 
 1.000000  0.000000  0.000000  0.000000 
 0.000000  0.428571  0.197802  0.373626 


