MEME version 4

ALPHABET= ACGT

strands: + -

Background letter frequencies
A 0.25 C 0.25 G 0.25 T 0.25



MOTIF KAT2B_Preferred_ENCFF461YLX_motif_1 MOTIF-1
letter-probability matrix: alength= 4 w= 15 nsites= 497 E= 1.1e-1144 
 0.382294  0.162978  0.106640  0.348089 
 0.197183  0.124748  0.142857  0.535211 
 0.193159  0.110664  0.160966  0.535211 
 0.086519  0.150905  0.050302  0.712274 
 1.000000  0.000000  0.000000  0.000000 
 0.000000  0.000000  0.000000  1.000000 
 0.016097  0.140845  0.004024  0.839034 
 0.000000  0.000000  1.000000  0.000000 
 1.000000  0.000000  0.000000  0.000000 
 0.000000  0.018109  0.002012  0.979879 
 0.000000  0.213280  0.000000  0.786720 
 0.086519  0.104628  0.128773  0.680080 
 0.207243  0.156942  0.169014  0.466801 
 0.144869  0.219316  0.084507  0.551308 
 0.164990  0.185111  0.167002  0.482897 


MOTIF KAT2B_Preferred_ENCFF461YLX_motif_2 MOTIF-2
letter-probability matrix: alength= 4 w= 11 nsites= 278 E= 8.4e-234 
 0.125899  0.190647  0.075540  0.607914 
 0.949640  0.000000  0.014388  0.035971 
 0.028777  0.000000  0.000000  0.971223 
 0.046763  0.143885  0.003597  0.805755 
 0.000000  0.000000  0.971223  0.028777 
 1.000000  0.000000  0.000000  0.000000 
 0.014388  0.136691  0.000000  0.848921 
 0.014388  0.194245  0.010791  0.780576 
 0.100719  0.068345  0.194245  0.636691 
 0.205036  0.151079  0.129496  0.514388 
 0.197842  0.190647  0.187050  0.424460 


