MEME version 4

ALPHABET= ACGT

strands: + -

Background letter frequencies
A 0.25 C 0.25 G 0.25 T 0.25



MOTIF KDM1A-FLAG_Preferred_ENCFF376CNT_motif_1 MOTIF-1
letter-probability matrix: alength= 4 w= 21 nsites= 209 E= 4.6e-660 
 0.421053  0.220096  0.191388  0.167464 
 0.210526  0.196172  0.119617  0.473684 
 0.114833  0.248804  0.100478  0.535885 
 0.488038  0.153110  0.244019  0.114833 
 0.110048  0.148325  0.196172  0.545455 
 0.119617  0.387560  0.224880  0.267943 
 0.009569  0.909091  0.014354  0.066986 
 0.000000  0.990431  0.000000  0.009569 
 0.000000  0.985646  0.000000  0.014354 
 0.956938  0.019139  0.019139  0.004785 
 0.019139  0.129187  0.019139  0.832536 
 0.014354  0.038278  0.000000  0.947368 
 0.033493  0.038278  0.105263  0.822967 
 0.057416  0.248804  0.047847  0.645933 
 0.760766  0.062201  0.124402  0.052632 
 0.014354  0.894737  0.038278  0.052632 
 0.933014  0.004785  0.047847  0.014354 
 0.009569  0.009569  0.976077  0.004785 
 0.813397  0.038278  0.138756  0.009569 
 0.043062  0.153110  0.086124  0.717703 
 0.143541  0.043062  0.765550  0.047847 


