MEME version 4

ALPHABET= ACGT

strands: + -

Background letter frequencies
A 0.25 C 0.25 G 0.25 T 0.25



MOTIF KLF11-FLAG_Preferred_ENCFF137AWT_motif_1 MOTIF-1
letter-probability matrix: alength= 4 w= 21 nsites= 130 E= 4.8e-604 
 0.100000  0.115385  0.546154  0.238462 
 0.184615  0.023077  0.676923  0.115385 
 0.061538  0.169231  0.676923  0.092308 
 0.261538  0.561538  0.023077  0.153846 
 0.084615  0.046154  0.815385  0.053846 
 0.000000  0.992308  0.000000  0.007692 
 0.000000  0.000000  0.000000  1.000000 
 0.015385  0.138462  0.846154  0.000000 
 0.007692  0.007692  0.038462  0.946154 
 0.000000  0.992308  0.000000  0.007692 
 0.000000  1.000000  0.000000  0.000000 
 0.507692  0.084615  0.338462  0.069231 
 0.207692  0.169231  0.061538  0.561538 
 0.015385  0.007692  0.961538  0.015385 
 0.000000  0.000000  1.000000  0.000000 
 0.007692  0.007692  0.000000  0.984615 
 0.038462  0.146154  0.776923  0.038462 
 0.000000  0.976923  0.007692  0.015385 
 0.000000  0.015385  0.000000  0.984615 
 0.030769  0.007692  0.961538  0.000000 
 0.830769  0.053846  0.100000  0.015385 


