MEME version 4

ALPHABET= ACGT

strands: + -

Background letter frequencies
A 0.25 C 0.25 G 0.25 T 0.25



MOTIF KLF9-FLAG_Preferred_ENCFF995GJI_motif_1 MOTIF-1
letter-probability matrix: alength= 4 w= 15 nsites= 323 E= 2.8e-351 
 0.164087  0.179567  0.517028  0.139319 
 0.095975  0.089783  0.739938  0.074303 
 0.095975  0.773994  0.089783  0.040248 
 0.049536  0.900929  0.018576  0.030960 
 0.563467  0.390093  0.021672  0.024768 
 0.034056  0.959752  0.006192  0.000000 
 0.185759  0.000000  0.770898  0.043344 
 0.003096  0.978328  0.018576  0.000000 
 0.000000  0.931889  0.043344  0.024768 
 0.012384  0.873065  0.024768  0.089783 
 0.287926  0.619195  0.018576  0.074303 
 0.012384  0.690402  0.095975  0.201238 
 0.095975  0.402477  0.142415  0.359133 
 0.120743  0.349845  0.232198  0.297214 
 0.111455  0.535604  0.222910  0.130031 


