MEME version 4

ALPHABET= ACGT

strands: + -

Background letter frequencies
A 0.25 C 0.25 G 0.25 T 0.25



MOTIF LCORL_Non-preferred_ENCFF789IAH_motif_1 MOTIF-1
letter-probability matrix: alength= 4 w= 28 nsites= 222 E= 4.8e-827 
 0.504505  0.189189  0.234234  0.072072 
 0.441441  0.103604  0.297297  0.157658 
 0.306306  0.171171  0.207207  0.315315 
 0.531532  0.058559  0.139640  0.270270 
 0.135135  0.441441  0.216216  0.207207 
 0.000000  0.405405  0.004505  0.590090 
 0.000000  0.000000  0.000000  1.000000 
 0.000000  0.000000  1.000000  0.000000 
 0.004505  0.000000  0.995495  0.000000 
 0.000000  1.000000  0.000000  0.000000 
 0.954955  0.027027  0.004505  0.013514 
 0.243243  0.396396  0.171171  0.189189 
 0.463964  0.103604  0.243243  0.189189 
 0.310811  0.117117  0.454955  0.117117 
 0.216216  0.004505  0.022523  0.756757 
 0.000000  0.000000  0.995495  0.004505 
 0.000000  1.000000  0.000000  0.000000 
 0.000000  0.995495  0.004505  0.000000 
 1.000000  0.000000  0.000000  0.000000 
 0.576577  0.004505  0.418919  0.000000 
 0.346847  0.121622  0.432432  0.099099 
 0.418919  0.184685  0.153153  0.243243 
 0.468468  0.171171  0.126126  0.234234 
 0.283784  0.292793  0.148649  0.274775 
 0.418919  0.207207  0.175676  0.198198 
 0.274775  0.211712  0.180180  0.333333 
 0.409910  0.072072  0.288288  0.229730 
 0.238739  0.171171  0.360360  0.229730 


