MEME version 4

ALPHABET= ACGT

strands: + -

Background letter frequencies
A 0.25 C 0.25 G 0.25 T 0.25



MOTIF MAFF_Preferred_ENCFF643LNZ_motif_1 MOTIF-1
letter-probability matrix: alength= 4 w= 16 nsites= 499 E= 5.0e-1359 
 0.563126  0.018036  0.050100  0.368737 
 0.478958  0.052104  0.052104  0.416834 
 0.260521  0.176353  0.144289  0.418838 
 0.044088  0.030060  0.008016  0.917836 
 0.000000  0.004008  0.995992  0.000000 
 0.078156  0.919840  0.000000  0.002004 
 0.000000  0.000000  0.000000  1.000000 
 0.000000  0.000000  0.971944  0.028056 
 0.989980  0.010020  0.000000  0.000000 
 0.026052  0.549098  0.352705  0.072144 
 0.112224  0.084168  0.050100  0.753507 
 0.104208  0.647295  0.040080  0.208417 
 0.719439  0.054108  0.108216  0.118236 
 0.104208  0.018036  0.667335  0.210421 
 0.034068  0.759519  0.144289  0.062124 
 0.635271  0.152305  0.080160  0.132265 


