MEME version 4

ALPHABET= ACGT

strands: + -

Background letter frequencies
A 0.25 C 0.25 G 0.25 T 0.25



MOTIF MAFG-FLAG_Preferred_ENCFF311PMU_motif_1 MOTIF-1
letter-probability matrix: alength= 4 w= 15 nsites= 432 E= 6.6e-1079 
 0.379630  0.148148  0.173611  0.298611 
 0.372685  0.141204  0.136574  0.349537 
 0.182870  0.287037  0.261574  0.268519 
 0.081019  0.108796  0.039352  0.770833 
 0.011574  0.034722  0.953704  0.000000 
 0.025463  0.967593  0.000000  0.006944 
 0.025463  0.009259  0.000000  0.965278 
 0.000000  0.000000  0.960648  0.039352 
 0.898148  0.016204  0.006944  0.078704 
 0.027778  0.189815  0.756944  0.025463 
 0.000000  0.000000  0.000000  1.000000 
 0.025463  0.972222  0.002315  0.000000 
 0.993056  0.000000  0.006944  0.000000 
 0.013889  0.250000  0.240741  0.495370 
 0.118056  0.368056  0.337963  0.175926 


MOTIF MAFG-FLAG_Preferred_ENCFF311PMU_motif_2 MOTIF-2
letter-probability matrix: alength= 4 w= 8 nsites= 98 E= 6.7e-051 
 0.040816  0.887755  0.071429  0.000000 
 0.000000  0.000000  0.000000  1.000000 
 0.000000  0.000000  0.836735  0.163265 
 1.000000  0.000000  0.000000  0.000000 
 0.000000  0.255102  0.744898  0.000000 
 0.000000  0.000000  0.081633  0.918367 
 0.000000  1.000000  0.000000  0.000000 
 1.000000  0.000000  0.000000  0.000000 


