MEME version 4

ALPHABET= ACGT

strands: + -

Background letter frequencies
A 0.25 C 0.25 G 0.25 T 0.25



MOTIF MAFK_Non-preferred_ENCFF458PBB_motif_1 MOTIF-1
letter-probability matrix: alength= 4 w= 15 nsites= 493 E= 9.8e-1082 
 0.164300  0.119675  0.166329  0.549696 
 0.077079  0.190669  0.673428  0.058824 
 0.267748  0.584178  0.046653  0.101420 
 0.131846  0.117647  0.050710  0.699797 
 0.202840  0.054767  0.643002  0.099391 
 0.724138  0.060852  0.109533  0.105477 
 0.089249  0.405680  0.476673  0.028398 
 0.008114  0.000000  0.008114  0.983773 
 0.022312  0.977688  0.000000  0.000000 
 1.000000  0.000000  0.000000  0.000000 
 0.004057  0.004057  0.931034  0.060852 
 0.000000  1.000000  0.000000  0.000000 
 0.908722  0.012170  0.030426  0.048682 
 0.359026  0.174442  0.208925  0.257606 
 0.436105  0.032454  0.060852  0.470588 


MOTIF MAFK_Non-preferred_ENCFF458PBB_motif_3 MOTIF-3
letter-probability matrix: alength= 4 w= 15 nsites= 36 E= 2.0e-011 
 0.388889  0.000000  0.194444  0.416667 
 0.000000  0.361111  0.444444  0.194444 
 0.361111  0.472222  0.166667  0.000000 
 0.611111  0.138889  0.222222  0.027778 
 0.083333  0.000000  0.000000  0.916667 
 0.000000  0.055556  0.888889  0.055556 
 0.972222  0.000000  0.027778  0.000000 
 0.000000  0.638889  0.361111  0.000000 
 0.000000  0.000000  0.000000  1.000000 
 0.000000  0.916667  0.083333  0.000000 
 0.916667  0.000000  0.055556  0.027778 
 0.000000  0.000000  1.000000  0.000000 
 0.138889  0.777778  0.083333  0.000000 
 0.638889  0.055556  0.138889  0.166667 
 0.138889  0.222222  0.500000  0.138889 


