MEME version 4

ALPHABET= ACGT

strands: + -

Background letter frequencies
A 0.25 C 0.25 G 0.25 T 0.25



MOTIF MAX_Uncharacterized_ENCFF800ZTT_motif_1 MOTIF-1
letter-probability matrix: alength= 4 w= 15 nsites= 476 E= 5.2e-395 
 0.130252  0.443277  0.338235  0.088235 
 0.029412  0.489496  0.315126  0.165966 
 0.094538  0.455882  0.302521  0.147059 
 0.109244  0.443277  0.357143  0.090336 
 0.117647  0.386555  0.382353  0.113445 
 0.157563  0.306723  0.464286  0.071429 
 0.235294  0.256303  0.424370  0.084034 
 0.081933  0.554622  0.289916  0.073529 
 0.008403  0.991597  0.000000  0.000000 
 0.781513  0.023109  0.134454  0.060924 
 0.000000  0.865546  0.044118  0.090336 
 0.035714  0.052521  0.911765  0.000000 
 0.008403  0.197479  0.012605  0.781513 
 0.000000  0.004202  0.985294  0.010504 
 0.039916  0.495798  0.373950  0.090336 


