MEME version 4

ALPHABET= ACGT

strands: + -

Background letter frequencies
A 0.25 C 0.25 G 0.25 T 0.25



MOTIF MAX_Preferred_ENCFF532JII_motif_1 MOTIF-1
letter-probability matrix: alength= 4 w= 15 nsites= 488 E= 2.6e-836 
 0.079918  0.418033  0.317623  0.184426 
 0.045082  0.456967  0.450820  0.047131 
 0.202869  0.358607  0.307377  0.131148 
 0.090164  0.461066  0.245902  0.202869 
 0.000000  1.000000  0.000000  0.000000 
 0.973361  0.000000  0.000000  0.026639 
 0.000000  0.956967  0.002049  0.040984 
 0.018443  0.000000  0.981557  0.000000 
 0.000000  0.063525  0.000000  0.936475 
 0.000000  0.000000  1.000000  0.000000 
 0.565574  0.131148  0.252049  0.051230 
 0.010246  0.731557  0.055328  0.202869 
 0.088115  0.497951  0.188525  0.225410 
 0.131148  0.422131  0.272541  0.174180 
 0.098361  0.356557  0.407787  0.137295 


MOTIF MAX_Preferred_ENCFF532JII_motif_3 MOTIF-3
letter-probability matrix: alength= 4 w= 11 nsites= 91 E= 4.4e-038 
 0.329670  0.153846  0.450549  0.065934 
 0.098901  0.395604  0.000000  0.505495 
 0.000000  1.000000  0.000000  0.000000 
 1.000000  0.000000  0.000000  0.000000 
 0.000000  0.747253  0.000000  0.252747 
 0.000000  0.000000  1.000000  0.000000 
 0.000000  0.000000  0.000000  1.000000 
 0.000000  0.000000  1.000000  0.000000 
 0.538462  0.263736  0.076923  0.120879 
 0.000000  0.571429  0.241758  0.186813 
 0.000000  0.670330  0.197802  0.131868 


