MEME version 4

ALPHABET= ACGT

strands: + -

Background letter frequencies
A 0.25 C 0.25 G 0.25 T 0.25



MOTIF MAZ_Non-preferred_ENCFF978KZX_motif_2 MOTIF-2
letter-probability matrix: alength= 4 w= 15 nsites= 388 E= 1.3e-177 
 0.025773  0.360825  0.528351  0.085052 
 0.074742  0.481959  0.342784  0.100515 
 0.167526  0.332474  0.353093  0.146907 
 0.056701  0.154639  0.711340  0.077320 
 0.177835  0.201031  0.608247  0.012887 
 0.226804  0.118557  0.623711  0.030928 
 0.054124  0.134021  0.809278  0.002577 
 0.000000  0.139175  0.860825  0.000000 
 0.335052  0.463918  0.038660  0.162371 
 0.051546  0.002577  0.914948  0.030928 
 0.025773  0.159794  0.791237  0.023196 
 0.270619  0.170103  0.523196  0.036082 
 0.146907  0.092784  0.757732  0.002577 
 0.046392  0.317010  0.636598  0.000000 
 0.028351  0.618557  0.278351  0.074742 


