MEME version 4

ALPHABET= ACGT

strands: + -

Background letter frequencies
A 0.25 C 0.25 G 0.25 T 0.25



MOTIF MBD1-FLAG_Non-preferred_ENCFF930VNZ_motif_1 MOTIF-1
letter-probability matrix: alength= 4 w= 15 nsites= 216 E= 2.4e-298 
 0.129630  0.101852  0.611111  0.157407 
 0.060185  0.782407  0.083333  0.074074 
 0.009259  0.976852  0.000000  0.013889 
 0.675926  0.018519  0.212963  0.092593 
 0.023148  0.550926  0.421296  0.004630 
 0.125000  0.513889  0.162037  0.199074 
 0.870370  0.074074  0.032407  0.023148 
 0.000000  0.013889  0.986111  0.000000 
 0.347222  0.018519  0.634259  0.000000 
 0.055556  0.032407  0.587963  0.324074 
 0.009259  0.013889  0.958333  0.018519 
 0.009259  0.050926  0.907407  0.032407 
 0.134259  0.814815  0.009259  0.041667 
 0.263889  0.013889  0.717593  0.004630 
 0.041667  0.597222  0.296296  0.064815 


