MEME version 4

ALPHABET= ACGT

strands: + -

Background letter frequencies
A 0.25 C 0.25 G 0.25 T 0.25



MOTIF MED13L-FLAG_Preferred_Local_motif_1 MOTIF-1
letter-probability matrix: alength= 4 w= 29 nsites= 95 E= 5.2e-415 
 0.273684  0.200000  0.421053  0.105263 
 0.200000  0.389474  0.347368  0.063158 
 0.168421  0.336842  0.273684  0.221053 
 0.168421  0.210526  0.473684  0.147368 
 0.094737  0.347368  0.421053  0.136842 
 0.084211  0.378947  0.378947  0.157895 
 0.094737  0.442105  0.294737  0.168421 
 0.136842  0.357895  0.263158  0.242105 
 0.084211  0.147368  0.515789  0.252632 
 0.168421  0.031579  0.694737  0.105263 
 0.031579  0.168421  0.715789  0.084211 
 0.242105  0.526316  0.031579  0.200000 
 0.073684  0.052632  0.800000  0.073684 
 0.000000  0.989474  0.000000  0.010526 
 0.000000  0.010526  0.000000  0.989474 
 0.021053  0.094737  0.884211  0.000000 
 0.021053  0.000000  0.084211  0.894737 
 0.000000  0.978947  0.010526  0.010526 
 0.000000  1.000000  0.000000  0.000000 
 0.463158  0.063158  0.431579  0.042105 
 0.189474  0.221053  0.073684  0.515789 
 0.031579  0.010526  0.936842  0.021053 
 0.000000  0.000000  1.000000  0.000000 
 0.010526  0.000000  0.000000  0.989474 
 0.000000  0.094737  0.863158  0.042105 
 0.000000  0.947368  0.010526  0.042105 
 0.010526  0.021053  0.000000  0.968421 
 0.021053  0.000000  0.957895  0.021053 
 0.789474  0.063158  0.136842  0.010526 


