MEME version 4

ALPHABET= ACGT

strands: + -

Background letter frequencies
A 0.25 C 0.25 G 0.25 T 0.25



MOTIF MIER2-FLAG_Preferred_ENCFF822MEL_motif_1 MOTIF-1
letter-probability matrix: alength= 4 w= 17 nsites= 378 E= 1.8e-1715 
 0.010582  0.097884  0.058201  0.833333 
 0.007937  0.952381  0.010582  0.029101 
 0.981481  0.000000  0.015873  0.002646 
 0.007937  0.002646  0.989418  0.000000 
 0.060847  0.706349  0.166667  0.066138 
 0.992063  0.000000  0.002646  0.005291 
 0.000000  1.000000  0.000000  0.000000 
 0.013228  0.944444  0.007937  0.034392 
 0.571429  0.097884  0.119048  0.211640 
 0.137566  0.314815  0.076720  0.470899 
 0.013228  0.000000  0.986772  0.000000 
 0.002646  0.000000  0.997354  0.000000 
 0.904762  0.060847  0.007937  0.026455 
 0.002646  0.849206  0.103175  0.044974 
 0.986772  0.002646  0.000000  0.010582 
 0.018519  0.005291  0.973545  0.002646 
 0.124339  0.679894  0.084656  0.111111 


MOTIF MIER2-FLAG_Preferred_ENCFF822MEL_motif_2 MOTIF-2
letter-probability matrix: alength= 4 w= 15 nsites= 128 E= 1.2e-169 
 0.132812  0.234375  0.093750  0.539062 
 0.015625  0.007812  0.976562  0.000000 
 0.015625  0.015625  0.968750  0.000000 
 0.960938  0.007812  0.023438  0.007812 
 0.000000  0.953125  0.046875  0.000000 
 1.000000  0.000000  0.000000  0.000000 
 0.000000  0.000000  1.000000  0.000000 
 0.015625  0.929688  0.000000  0.054688 
 0.117188  0.015625  0.289062  0.578125 
 0.054688  0.851562  0.078125  0.015625 
 0.054688  0.804688  0.023438  0.117188 
 0.226562  0.531250  0.101562  0.140625 
 0.226562  0.312500  0.210938  0.250000 
 0.140625  0.195312  0.484375  0.179688 
 0.156250  0.406250  0.335938  0.101562 


MOTIF MIER2-FLAG_Preferred_ENCFF822MEL_motif_3 MOTIF-3
letter-probability matrix: alength= 4 w= 15 nsites= 82 E= 3.0e-081 
 0.195122  0.414634  0.329268  0.060976 
 0.231707  0.378049  0.134146  0.256098 
 0.109756  0.536585  0.121951  0.231707 
 0.109756  0.487805  0.207317  0.195122 
 0.170732  0.256098  0.426829  0.146341 
 0.170732  0.195122  0.146341  0.487805 
 0.170732  0.024390  0.792683  0.012195 
 0.000000  0.000000  1.000000  0.000000 
 0.000000  0.000000  0.012195  0.987805 
 0.024390  0.036585  0.902439  0.036585 
 0.000000  0.987805  0.012195  0.000000 
 0.000000  0.012195  0.000000  0.987805 
 0.000000  0.000000  1.000000  0.000000 
 0.987805  0.000000  0.012195  0.000000 
 0.804878  0.073171  0.036585  0.085366 


