MEME version 4

ALPHABET= ACGT

strands: + -

Background letter frequencies
A 0.25 C 0.25 G 0.25 T 0.25



MOTIF MLX-FLAG_Preferred_ENCFF048HPB_motif_1 MOTIF-1
letter-probability matrix: alength= 4 w= 18 nsites= 497 E= 3.7e-241 
 0.162978  0.311871  0.311871  0.213280 
 0.054326  0.770624  0.134809  0.040241 
 0.698189  0.086519  0.070423  0.144869 
 0.058350  0.390342  0.279678  0.271630 
 0.164990  0.148893  0.496982  0.189135 
 0.173038  0.448692  0.173038  0.205231 
 0.255533  0.273642  0.269618  0.201207 
 0.066398  0.398390  0.287726  0.247485 
 0.122736  0.293763  0.233400  0.350101 
 0.158954  0.120724  0.521127  0.199195 
 0.213280  0.142857  0.370221  0.273642 
 0.126761  0.366197  0.245473  0.261569 
 0.056338  0.824950  0.030181  0.088531 
 0.730382  0.040241  0.092555  0.136821 
 0.006036  0.774648  0.108652  0.110664 
 0.197183  0.098592  0.684105  0.020121 
 0.030181  0.008048  0.038229  0.923541 
 0.000000  0.000000  0.983903  0.016097 


