MEME version 4

ALPHABET= ACGT

strands: + -

Background letter frequencies
A 0.25 C 0.25 G 0.25 T 0.25



MOTIF MLXIP-FLAG_Preferred_Local_motif_1 MOTIF-1
letter-probability matrix: alength= 4 w= 26 nsites= 91 E= 3.6e-394 
 0.164835  0.021978  0.637363  0.175824 
 0.032967  0.142857  0.736264  0.087912 
 0.252747  0.571429  0.021978  0.153846 
 0.076923  0.098901  0.747253  0.076923 
 0.000000  0.989011  0.000000  0.010989 
 0.010989  0.010989  0.000000  0.978022 
 0.032967  0.098901  0.868132  0.000000 
 0.010989  0.021978  0.076923  0.890110 
 0.000000  0.989011  0.010989  0.000000 
 0.000000  0.989011  0.000000  0.010989 
 0.461538  0.076923  0.406593  0.054945 
 0.164835  0.241758  0.076923  0.516484 
 0.021978  0.010989  0.967033  0.000000 
 0.000000  0.000000  1.000000  0.000000 
 0.010989  0.000000  0.000000  0.989011 
 0.021978  0.076923  0.857143  0.043956 
 0.000000  0.978022  0.010989  0.010989 
 0.000000  0.021978  0.000000  0.978022 
 0.021978  0.000000  0.967033  0.010989 
 0.813187  0.054945  0.109890  0.021978 
 0.659341  0.208791  0.032967  0.098901 
 0.285714  0.208791  0.340659  0.164835 
 0.186813  0.384615  0.274725  0.153846 
 0.098901  0.472527  0.329670  0.098901 
 0.164835  0.230769  0.417582  0.186813 
 0.142857  0.417582  0.252747  0.186813 


MOTIF MLXIP-FLAG_Preferred_Local_motif_2 MOTIF-2
letter-probability matrix: alength= 4 w= 21 nsites= 349 E= 9.3e-233 
 0.131805  0.286533  0.501433  0.080229 
 0.275072  0.177650  0.398281  0.148997 
 0.071633  0.329513  0.464183  0.134670 
 0.045845  0.787966  0.126074  0.040115 
 0.578797  0.209169  0.146132  0.065903 
 0.051576  0.489971  0.289398  0.169054 
 0.091691  0.180516  0.593123  0.134670 
 0.065903  0.478510  0.266476  0.189112 
 0.212034  0.266476  0.418338  0.103152 
 0.054441  0.426934  0.426934  0.091691 
 0.131805  0.435530  0.246418  0.186246 
 0.148997  0.100287  0.656160  0.094556 
 0.189112  0.226361  0.426934  0.157593 
 0.083095  0.398281  0.358166  0.160458 
 0.000000  0.942693  0.054441  0.002865 
 0.739255  0.057307  0.148997  0.054441 
 0.011461  0.796562  0.134670  0.057307 
 0.068768  0.057307  0.873926  0.000000 
 0.065903  0.137536  0.057307  0.739255 
 0.000000  0.000000  0.942693  0.057307 
 0.183381  0.335244  0.398281  0.083095 


