MEME version 4

ALPHABET= ACGT

strands: + -

Background letter frequencies
A 0.25 C 0.25 G 0.25 T 0.25



MOTIF MNT_Preferred_ENCFF624ACI_motif_1 MOTIF-1
letter-probability matrix: alength= 4 w= 11 nsites= 480 E= 1.4e-781 
 0.666667  0.235417  0.077083  0.020833 
 0.000000  1.000000  0.000000  0.000000 
 1.000000  0.000000  0.000000  0.000000 
 0.000000  0.831250  0.000000  0.168750 
 0.335417  0.000000  0.664583  0.000000 
 0.000000  0.000000  0.000000  1.000000 
 0.008333  0.000000  0.991667  0.000000 
 0.033333  0.614583  0.214583  0.137500 
 0.593750  0.083333  0.052083  0.270833 
 0.068750  0.720833  0.060417  0.150000 
 0.668750  0.135417  0.060417  0.135417 


MOTIF MNT_Preferred_ENCFF624ACI_motif_2 MOTIF-2
letter-probability matrix: alength= 4 w= 11 nsites= 493 E= 4.7e-506 
 0.006085  0.965517  0.020284  0.008114 
 0.914807  0.022312  0.052738  0.010142 
 0.002028  0.336714  0.000000  0.661258 
 0.008114  0.002028  0.987830  0.002028 
 0.018256  0.006085  0.002028  0.973631 
 0.000000  0.008114  0.977688  0.014199 
 0.085193  0.202840  0.156187  0.555781 
 0.093306  0.186613  0.513185  0.206897 
 0.113590  0.239351  0.056795  0.590264 
 0.237323  0.095335  0.456389  0.210953 
 0.105477  0.261663  0.137931  0.494929 


