MEME version 4

ALPHABET= ACGT

strands: + -

Background letter frequencies
A 0.25 C 0.25 G 0.25 T 0.25



MOTIF MNT_Non-preferred_ENCFF649NPR_motif_1 MOTIF-1
letter-probability matrix: alength= 4 w= 21 nsites= 465 E= 2.3e-570 
 0.098925  0.412903  0.348387  0.139785 
 0.126882  0.417204  0.318280  0.137634 
 0.146237  0.419355  0.288172  0.146237 
 0.098925  0.402151  0.359140  0.139785 
 0.116129  0.404301  0.337634  0.141935 
 0.053763  0.432258  0.341935  0.172043 
 0.096774  0.473118  0.348387  0.081720 
 0.122581  0.410753  0.391398  0.075269 
 0.154839  0.365591  0.374194  0.105376 
 0.193548  0.363441  0.337634  0.105376 
 0.159140  0.275269  0.440860  0.124731 
 0.058065  0.638710  0.191398  0.111828 
 0.000000  1.000000  0.000000  0.000000 
 0.817204  0.010753  0.111828  0.060215 
 0.000000  0.918280  0.000000  0.081720 
 0.000000  0.008602  0.991398  0.000000 
 0.004301  0.161290  0.000000  0.834409 
 0.000000  0.004301  0.978495  0.017204 
 0.146237  0.361290  0.339785  0.152688 
 0.131183  0.320430  0.290323  0.258065 
 0.120430  0.477419  0.253763  0.148387 


MOTIF MNT_Non-preferred_ENCFF649NPR_motif_5 MOTIF-5
letter-probability matrix: alength= 4 w= 8 nsites= 80 E= 1.5e-002 
 0.000000  0.312500  0.437500  0.250000 
 0.000000  1.000000  0.000000  0.000000 
 1.000000  0.000000  0.000000  0.000000 
 0.000000  1.000000  0.000000  0.000000 
 0.487500  0.000000  0.512500  0.000000 
 0.000000  0.000000  0.000000  1.000000 
 0.000000  0.000000  1.000000  0.000000 
 0.000000  0.000000  0.650000  0.350000 


