MEME version 4

ALPHABET= ACGT

strands: + -

Background letter frequencies
A 0.25 C 0.25 G 0.25 T 0.25



MOTIF MXI1_Preferred_ENCFF298UBV_motif_2 MOTIF-2
letter-probability matrix: alength= 4 w= 10 nsites= 196 E= 7.0e-119 
 0.346939  0.076531  0.520408  0.056122 
 0.219388  0.454082  0.316327  0.010204 
 0.270408  0.479592  0.158163  0.091837 
 0.000000  1.000000  0.000000  0.000000 
 1.000000  0.000000  0.000000  0.000000 
 0.000000  0.877551  0.000000  0.122449 
 0.000000  0.000000  1.000000  0.000000 
 0.000000  0.091837  0.000000  0.908163 
 0.000000  0.000000  1.000000  0.000000 
 0.010204  0.346939  0.535714  0.107143 


MOTIF MXI1_Preferred_ENCFF298UBV_motif_3 MOTIF-3
letter-probability matrix: alength= 4 w= 21 nsites= 69 E= 3.1e-078 
 0.072464  0.347826  0.318841  0.260870 
 0.028986  0.579710  0.173913  0.217391 
 0.000000  0.420290  0.420290  0.159420 
 0.000000  0.000000  1.000000  0.000000 
 0.014493  0.028986  0.000000  0.956522 
 0.000000  0.246377  0.000000  0.753623 
 0.086957  0.159420  0.666667  0.086957 
 0.000000  0.942029  0.000000  0.057971 
 0.000000  1.000000  0.000000  0.000000 
 0.608696  0.159420  0.057971  0.173913 
 0.115942  0.086957  0.202899  0.594203 
 0.188406  0.000000  0.811594  0.000000 
 0.115942  0.043478  0.840580  0.000000 
 0.347826  0.463768  0.028986  0.159420 
 0.318841  0.014493  0.579710  0.086957 
 0.739130  0.231884  0.028986  0.000000 
 0.000000  0.927536  0.014493  0.057971 
 0.115942  0.376812  0.275362  0.231884 
 0.130435  0.217391  0.550725  0.101449 
 0.101449  0.217391  0.478261  0.202899 
 0.144928  0.347826  0.405797  0.101449 


