MEME version 4

ALPHABET= ACGT

strands: + -

Background letter frequencies
A 0.25 C 0.25 G 0.25 T 0.25



MOTIF MYC_Preferred_ENCFF800JFG_motif_1 MOTIF-1
letter-probability matrix: alength= 4 w= 25 nsites= 457 E= 7.6e-489 
 0.345733  0.223195  0.266958  0.164114 
 0.137856  0.527352  0.321663  0.013129 
 0.000000  0.978118  0.021882  0.000000 
 0.881838  0.000000  0.118162  0.000000 
 0.000000  0.912473  0.004376  0.083151 
 0.137856  0.000000  0.862144  0.000000 
 0.072210  0.140044  0.004376  0.783370 
 0.000000  0.000000  0.956236  0.043764 
 0.037199  0.216630  0.630197  0.115974 
 0.118162  0.387309  0.264770  0.229759 
 0.166302  0.345733  0.269147  0.218818 
 0.185996  0.317287  0.336980  0.159737 
 0.100656  0.385120  0.389497  0.124726 
 0.137856  0.326039  0.396061  0.140044 
 0.142232  0.323851  0.413567  0.120350 
 0.185996  0.315098  0.396061  0.102845 
 0.150985  0.306346  0.426696  0.115974 
 0.201313  0.291028  0.422319  0.085339 
 0.166302  0.280088  0.385120  0.168490 
 0.153173  0.334792  0.398249  0.113786 
 0.196937  0.336980  0.382932  0.083151 
 0.166302  0.411379  0.334792  0.087527 
 0.120350  0.374179  0.407002  0.098468 
 0.175055  0.328228  0.369803  0.126915 
 0.166302  0.321663  0.402626  0.109409 


