MEME version 4

ALPHABET= ACGT

strands: + -

Background letter frequencies
A 0.25 C 0.25 G 0.25 T 0.25



MOTIF NFAT5-FLAG_Preferred_ENCFF758KHO_motif_1 MOTIF-1
letter-probability matrix: alength= 4 w= 15 nsites= 419 E= 6.2e-350 
 0.000000  0.859189  0.136038  0.004773 
 0.606205  0.143198  0.167064  0.083532 
 0.014320  0.069212  0.916468  0.000000 
 0.033413  0.775656  0.176611  0.014320 
 0.577566  0.083532  0.272076  0.066826 
 0.000000  0.778043  0.221957  0.000000 
 0.009547  0.751790  0.229117  0.009547 
 0.264916  0.276850  0.233890  0.224344 
 0.085919  0.377088  0.329356  0.207637 
 0.040573  0.140811  0.818616  0.000000 
 0.002387  0.295943  0.689737  0.011933 
 0.422434  0.307876  0.236277  0.033413 
 0.035800  0.661098  0.267303  0.035800 
 0.505967  0.198091  0.267303  0.028640 
 0.016706  0.274463  0.708831  0.000000 


