MEME version 4

ALPHABET= ACGT

strands: + -

Background letter frequencies
A 0.25 C 0.25 G 0.25 T 0.25



MOTIF NFE2L2_Preferred_ENCFF876OXC_motif_1 MOTIF-1
letter-probability matrix: alength= 4 w= 15 nsites= 500 E= 8.7e-1652 
 0.708000  0.006000  0.284000  0.002000 
 0.004000  0.000000  0.000000  0.996000 
 0.000000  0.002000  0.992000  0.006000 
 0.994000  0.002000  0.000000  0.004000 
 0.010000  0.906000  0.070000  0.014000 
 0.070000  0.002000  0.008000  0.920000 
 0.036000  0.918000  0.022000  0.024000 
 0.928000  0.006000  0.022000  0.044000 
 0.014000  0.000000  0.964000  0.022000 
 0.004000  0.964000  0.020000  0.012000 
 0.866000  0.012000  0.060000  0.062000 
 0.406000  0.158000  0.244000  0.192000 
 0.354000  0.062000  0.122000  0.462000 
 0.312000  0.088000  0.066000  0.534000 
 0.228000  0.220000  0.072000  0.480000 


