MEME version 4

ALPHABET= ACGT

strands: + -

Background letter frequencies
A 0.25 C 0.25 G 0.25 T 0.25



MOTIF NFE2-FLAG_Preferred_ENCFF626AMA_motif_1 MOTIF-1
letter-probability matrix: alength= 4 w= 15 nsites= 454 E= 3.5e-1159 
 0.077093  0.081498  0.026432  0.814978 
 0.004405  0.044053  0.951542  0.000000 
 0.013216  0.977974  0.000000  0.008811 
 0.061674  0.048458  0.000000  0.889868 
 0.046256  0.022026  0.870044  0.061674 
 0.896476  0.015419  0.000000  0.088106 
 0.037445  0.149780  0.786344  0.026432 
 0.000000  0.000000  0.004405  0.995595 
 0.013216  0.986784  0.000000  0.000000 
 1.000000  0.000000  0.000000  0.000000 
 0.000000  0.376652  0.024229  0.599119 
 0.134361  0.264317  0.275330  0.325991 
 0.074890  0.407489  0.341410  0.176211 
 0.215859  0.244493  0.140969  0.398678 
 0.138767  0.259912  0.389868  0.211454 


