MEME version 4

ALPHABET= ACGT

strands: + -

Background letter frequencies
A 0.25 C 0.25 G 0.25 T 0.25



MOTIF NFE2L1-FLAG_Preferred_ENCFF392LXN_motif_1 MOTIF-1
letter-probability matrix: alength= 4 w= 15 nsites= 175 E= 1.5e-309 
 0.074286  0.137143  0.068571  0.720000 
 0.000000  0.091429  0.908571  0.000000 
 0.011429  0.988571  0.000000  0.000000 
 0.040000  0.051429  0.000000  0.908571 
 0.040000  0.000000  0.891429  0.068571 
 0.857143  0.034286  0.000000  0.108571 
 0.017143  0.125714  0.845714  0.011429 
 0.000000  0.000000  0.000000  1.000000 
 0.028571  0.971429  0.000000  0.000000 
 1.000000  0.000000  0.000000  0.000000 
 0.000000  0.480000  0.040000  0.480000 
 0.102857  0.337143  0.314286  0.245714 
 0.068571  0.417143  0.400000  0.114286 
 0.154286  0.314286  0.211429  0.320000 
 0.091429  0.331429  0.434286  0.142857 


