MEME version 4

ALPHABET= ACGT

strands: + -

Background letter frequencies
A 0.25 C 0.25 G 0.25 T 0.25



MOTIF NFIA-FLAG_Preferred_ENCFF247AAE_motif_1 MOTIF-1
letter-probability matrix: alength= 4 w= 15 nsites= 405 E= 8.0e-702 
 0.059259  0.538272  0.190123  0.212346 
 0.007407  0.437037  0.000000  0.555556 
 0.000000  0.000000  0.000000  1.000000 
 0.000000  0.000000  1.000000  0.000000 
 0.000000  0.000000  1.000000  0.000000 
 0.064198  0.908642  0.027160  0.000000 
 0.392593  0.227160  0.017284  0.362963 
 0.180247  0.335802  0.313580  0.170370 
 0.274074  0.298765  0.200000  0.227160 
 0.246914  0.288889  0.296296  0.167901 
 0.274074  0.128395  0.229630  0.367901 
 0.019753  0.049383  0.629630  0.301235 
 0.000000  0.962963  0.000000  0.037037 
 0.000000  1.000000  0.000000  0.000000 
 0.701235  0.232099  0.000000  0.066667 


