MEME version 4

ALPHABET= ACGT

strands: + -

Background letter frequencies
A 0.25 C 0.25 G 0.25 T 0.25



MOTIF NFYB-FLAG_Preferred_ENCFF250THA_motif_1 MOTIF-1
letter-probability matrix: alength= 4 w= 19 nsites= 441 E= 4.2e-616 
 0.081633  0.460317  0.181406  0.276644 
 0.437642  0.122449  0.396825  0.043084 
 0.303855  0.070295  0.507937  0.117914 
 0.000000  0.997732  0.000000  0.002268 
 0.004535  0.988662  0.004535  0.002268 
 0.997732  0.000000  0.000000  0.002268 
 0.956916  0.004535  0.038549  0.000000 
 0.000000  0.027211  0.000000  0.972789 
 0.122449  0.557823  0.290249  0.029478 
 0.546485  0.063492  0.390023  0.000000 
 0.154195  0.170068  0.616780  0.058957 
 0.464853  0.217687  0.219955  0.097506 
 0.326531  0.108844  0.473923  0.090703 
 0.195011  0.272109  0.390023  0.142857 
 0.170068  0.356009  0.346939  0.126984 
 0.183673  0.401361  0.290249  0.124717 
 0.276644  0.201814  0.396825  0.124717 
 0.117914  0.303855  0.487528  0.090703 
 0.244898  0.244898  0.344671  0.165533 


MOTIF NFYB-FLAG_Preferred_ENCFF250THA_motif_3 MOTIF-3
letter-probability matrix: alength= 4 w= 11 nsites= 198 E= 1.8e-079 
 0.414141  0.126263  0.459596  0.000000 
 0.303030  0.116162  0.424242  0.156566 
 0.000000  1.000000  0.000000  0.000000 
 0.000000  1.000000  0.000000  0.000000 
 1.000000  0.000000  0.000000  0.000000 
 1.000000  0.000000  0.000000  0.000000 
 0.000000  0.000000  0.000000  1.000000 
 0.161616  0.469697  0.328283  0.040404 
 0.414141  0.171717  0.414141  0.000000 
 0.171717  0.333333  0.373737  0.121212 
 0.323232  0.181818  0.348485  0.146465 


