MEME version 4

ALPHABET= ACGT

strands: + -

Background letter frequencies
A 0.25 C 0.25 G 0.25 T 0.25



MOTIF NFYC-FLAG_Preferred_ENCFF666PKI_motif_1 MOTIF-1
letter-probability matrix: alength= 4 w= 20 nsites= 451 E= 4.3e-631 
 0.252772  0.314856  0.166297  0.266075 
 0.148559  0.325942  0.283814  0.241685 
 0.106430  0.430155  0.294900  0.168514 
 0.139690  0.410200  0.217295  0.232816 
 0.119734  0.301552  0.405765  0.172949 
 0.157428  0.343681  0.330377  0.168514 
 0.139690  0.405765  0.299335  0.155211 
 0.106430  0.423503  0.086475  0.383592 
 0.073171  0.199557  0.232816  0.494457 
 0.055432  0.605322  0.164080  0.175166 
 0.002217  0.405765  0.068736  0.523282 
 0.035477  0.343681  0.494457  0.126386 
 0.964523  0.000000  0.033259  0.002217 
 0.000000  0.035477  0.002217  0.962306 
 0.000000  0.000000  0.000000  1.000000 
 0.002217  0.006652  0.991131  0.000000 
 0.004435  0.004435  0.991131  0.000000 
 0.104213  0.545455  0.059867  0.290466 
 0.039911  0.405765  0.113082  0.441242 
 0.259424  0.177384  0.467849  0.095344 


MOTIF NFYC-FLAG_Preferred_ENCFF666PKI_motif_3 MOTIF-3
letter-probability matrix: alength= 4 w= 11 nsites= 222 E= 3.7e-098 
 0.000000  0.463964  0.162162  0.373874 
 0.045045  0.324324  0.441441  0.189189 
 1.000000  0.000000  0.000000  0.000000 
 0.000000  0.000000  0.000000  1.000000 
 0.000000  0.000000  0.000000  1.000000 
 0.000000  0.000000  1.000000  0.000000 
 0.000000  0.000000  1.000000  0.000000 
 0.153153  0.396396  0.121622  0.328829 
 0.000000  0.405405  0.148649  0.445946 
 0.270270  0.261261  0.346847  0.121622 
 0.333333  0.189189  0.319820  0.157658 


