MEME version 4

ALPHABET= ACGT

strands: + -

Background letter frequencies
A 0.25 C 0.25 G 0.25 T 0.25



MOTIF NPAS2-FLAG_Preferred_Local_motif_2 MOTIF-2
letter-probability matrix: alength= 4 w= 15 nsites= 334 E= 7.5e-116 
 0.000000  0.763473  0.203593  0.032934 
 0.526946  0.000000  0.374251  0.098802 
 0.000000  0.065868  0.934132  0.000000 
 0.095808  0.718563  0.143713  0.041916 
 0.467066  0.032934  0.407186  0.092814 
 0.000000  0.517964  0.464072  0.017964 
 0.000000  0.691617  0.236527  0.071856 
 0.227545  0.347305  0.239521  0.185629 
 0.167665  0.185629  0.467066  0.179641 
 0.080838  0.257485  0.661677  0.000000 
 0.020958  0.224551  0.745509  0.008982 
 0.338323  0.284431  0.377246  0.000000 
 0.092814  0.577844  0.299401  0.029940 
 0.482036  0.110778  0.284431  0.122754 
 0.000000  0.131737  0.868263  0.000000 


MOTIF NPAS2-FLAG_Preferred_Local_motif_4 MOTIF-4
letter-probability matrix: alength= 4 w= 14 nsites= 23 E= 1.7e-003 
 0.086957  0.217391  0.695652  0.000000 
 0.521739  0.391304  0.000000  0.086957 
 0.260870  0.173913  0.391304  0.173913 
 0.260870  0.130435  0.260870  0.347826 
 0.043478  0.000000  0.826087  0.130435 
 0.043478  0.086957  0.869565  0.000000 
 0.782609  0.217391  0.000000  0.000000 
 0.000000  0.000000  1.000000  0.000000 
 0.000000  1.000000  0.000000  0.000000 
 0.000000  0.000000  0.000000  1.000000 
 0.000000  0.000000  1.000000  0.000000 
 0.130435  0.000000  0.000000  0.869565 
 0.000000  0.739130  0.086957  0.173913 
 0.000000  1.000000  0.000000  0.000000 


