MEME version 4

ALPHABET= ACGT

strands: + -

Background letter frequencies
A 0.25 C 0.25 G 0.25 T 0.25



MOTIF NR2C2_Non-preferred_ENCFF687EVI_motif_1 MOTIF-1
letter-probability matrix: alength= 4 w= 28 nsites= 313 E= 1.0e-633 
 0.166134  0.383387  0.246006  0.204473 
 0.159744  0.373802  0.357827  0.108626 
 0.156550  0.399361  0.261981  0.182109 
 0.115016  0.504792  0.242812  0.137380 
 0.124601  0.485623  0.226837  0.162939 
 0.140575  0.383387  0.271565  0.204473 
 0.124601  0.373802  0.268371  0.233227 
 0.083067  0.322684  0.201278  0.392971 
 0.188498  0.140575  0.648562  0.022364 
 0.511182  0.389776  0.028754  0.070288 
 0.092652  0.795527  0.041534  0.070288 
 0.006390  0.980831  0.000000  0.012780 
 0.025559  0.945687  0.006390  0.022364 
 0.000000  0.000000  1.000000  0.000000 
 0.000000  0.000000  1.000000  0.000000 
 0.980831  0.012780  0.000000  0.006390 
 0.894569  0.015974  0.044728  0.044728 
 0.099042  0.111821  0.769968  0.019169 
 0.121406  0.450479  0.083067  0.345048 
 0.373802  0.067093  0.472843  0.086262 
 0.230032  0.309904  0.386581  0.073482 
 0.434505  0.102236  0.006390  0.456869 
 0.261981  0.271565  0.124601  0.341853 
 0.153355  0.287540  0.386581  0.172524 
 0.076677  0.402556  0.252396  0.268371 
 0.143770  0.338658  0.325879  0.191693 
 0.162939  0.287540  0.389776  0.159744 
 0.207668  0.329073  0.357827  0.105431 


MOTIF NR2C2_Non-preferred_ENCFF687EVI_motif_2 MOTIF-2
letter-probability matrix: alength= 4 w= 21 nsites= 86 E= 4.6e-128 
 0.186047  0.244186  0.465116  0.104651 
 0.255814  0.174419  0.406977  0.162791 
 0.151163  0.162791  0.500000  0.186047 
 0.162791  0.279070  0.500000  0.058140 
 0.046512  0.325581  0.383721  0.244186 
 0.093023  0.430233  0.348837  0.127907 
 0.337209  0.290698  0.255814  0.116279 
 0.186047  0.104651  0.697674  0.011628 
 0.465116  0.011628  0.523256  0.000000 
 0.023256  0.000000  0.941860  0.034884 
 0.000000  0.000000  1.000000  0.000000 
 0.000000  0.034884  0.174419  0.790698 
 0.000000  0.779070  0.151163  0.069767 
 0.802326  0.000000  0.197674  0.000000 
 0.418605  0.011628  0.569767  0.000000 
 0.779070  0.000000  0.220930  0.000000 
 0.011628  0.000000  0.988372  0.000000 
 0.011628  0.011628  0.883721  0.093023 
 0.000000  0.104651  0.162791  0.732558 
 0.023256  0.872093  0.034884  0.069767 
 0.639535  0.011628  0.325581  0.023256 


MOTIF NR2C2_Non-preferred_ENCFF687EVI_motif_3 MOTIF-3
letter-probability matrix: alength= 4 w= 8 nsites= 166 E= 2.9e-052 
 0.512048  0.054217  0.355422  0.078313 
 0.000000  0.759036  0.090361  0.150602 
 0.000000  0.000000  0.000000  1.000000 
 0.000000  0.000000  0.000000  1.000000 
 0.000000  1.000000  0.000000  0.000000 
 0.000000  1.000000  0.000000  0.000000 
 0.000000  0.000000  0.831325  0.168675 
 0.000000  0.289157  0.710843  0.000000 


