MEME version 4

ALPHABET= ACGT

strands: + -

Background letter frequencies
A 0.25 C 0.25 G 0.25 T 0.25



MOTIF NR2F1-FLAG_Preferred_ENCFF743WMC_motif_1 MOTIF-1
letter-probability matrix: alength= 4 w= 20 nsites= 487 E= 4.9e-560 
 0.328542  0.219713  0.264887  0.186858 
 0.301848  0.209446  0.316222  0.172485 
 0.320329  0.139630  0.398357  0.141684 
 0.223819  0.176591  0.414784  0.184805 
 0.127310  0.260780  0.429158  0.182752 
 0.166324  0.388090  0.271047  0.174538 
 0.227926  0.498973  0.151951  0.121150 
 0.533881  0.193018  0.188912  0.084189 
 0.420945  0.110883  0.416838  0.051335 
 0.788501  0.000000  0.211499  0.000000 
 0.026694  0.000000  0.971253  0.002053 
 0.010267  0.000000  0.944559  0.045175 
 0.000000  0.112936  0.112936  0.774127 
 0.000000  0.963039  0.024641  0.012320 
 0.997947  0.002053  0.000000  0.000000 
 0.396304  0.154004  0.363450  0.086242 
 0.293634  0.100616  0.533881  0.071869 
 0.143737  0.094456  0.640657  0.121150 
 0.205339  0.285421  0.291581  0.217659 
 0.125257  0.379877  0.232033  0.262834 


