MEME version 4

ALPHABET= ACGT

strands: + -

Background letter frequencies
A 0.25 C 0.25 G 0.25 T 0.25



MOTIF NR5A1-FLAG_Preferred_ENCFF304HWM_motif_1 MOTIF-1
letter-probability matrix: alength= 4 w= 15 nsites= 497 E= 1.3e-773 
 0.295775  0.197183  0.356137  0.150905 
 0.505030  0.072435  0.247485  0.175050 
 0.090543  0.070423  0.716298  0.122736 
 0.036217  0.183099  0.438632  0.342052 
 0.026157  0.293763  0.020121  0.659960 
 0.006036  0.951710  0.036217  0.006036 
 0.981891  0.016097  0.002012  0.000000 
 0.923541  0.000000  0.068410  0.008048 
 0.006036  0.000000  0.979879  0.014085 
 0.014085  0.012072  0.973843  0.000000 
 0.144869  0.374245  0.034205  0.446680 
 0.030181  0.776660  0.012072  0.181087 
 0.670020  0.040241  0.213280  0.076459 
 0.175050  0.404427  0.221328  0.199195 
 0.366197  0.209256  0.209256  0.215292 


