MEME version 4

ALPHABET= ACGT

strands: + -

Background letter frequencies
A 0.25 C 0.25 G 0.25 T 0.25



MOTIF NRF1_Non-preferred_ENCFF785BAI_motif_1 MOTIF-1
letter-probability matrix: alength= 4 w= 15 nsites= 497 E= 2.0e-1355 
 0.060362  0.291751  0.273642  0.374245 
 0.126761  0.018109  0.853119  0.002012 
 0.050302  0.925553  0.018109  0.006036 
 0.038229  0.000000  0.955734  0.006036 
 0.004024  0.983903  0.012072  0.000000 
 0.746479  0.156942  0.050302  0.046278 
 0.032193  0.072435  0.207243  0.688129 
 0.006036  0.000000  0.993964  0.000000 
 0.000000  0.997988  0.002012  0.000000 
 0.000000  0.008048  0.955734  0.036217 
 0.000000  0.957746  0.000000  0.042254 
 0.730382  0.056338  0.160966  0.052314 
 0.080483  0.301811  0.575453  0.042254 
 0.162978  0.309859  0.243461  0.283702 
 0.112676  0.177062  0.647887  0.062374 


MOTIF NRF1_Non-preferred_ENCFF785BAI_motif_2 MOTIF-2
letter-probability matrix: alength= 4 w= 11 nsites= 201 E= 2.5e-232 
 0.179104  0.004975  0.815920  0.000000 
 0.174129  0.776119  0.034826  0.014925 
 0.000000  0.004975  0.995025  0.000000 
 0.019900  0.880597  0.074627  0.024876 
 0.308458  0.412935  0.228856  0.049751 
 0.049751  0.014925  0.014925  0.920398 
 0.000000  0.000000  1.000000  0.000000 
 0.000000  0.940299  0.000000  0.059701 
 0.000000  0.000000  1.000000  0.000000 
 0.004975  0.870647  0.024876  0.099502 
 0.497512  0.139303  0.318408  0.044776 


