MEME version 4

ALPHABET= ACGT

strands: + -

Background letter frequencies
A 0.25 C 0.25 G 0.25 T 0.25



MOTIF NRF1_Preferred_ENCFF520WIR_motif_1 MOTIF-1
letter-probability matrix: alength= 4 w= 15 nsites= 419 E= 6.0e-1060 
 0.066826  0.224344  0.224344  0.484487 
 0.140811  0.014320  0.844869  0.000000 
 0.062053  0.921241  0.016706  0.000000 
 0.026253  0.000000  0.973747  0.000000 
 0.000000  1.000000  0.000000  0.000000 
 0.997613  0.000000  0.002387  0.000000 
 0.057279  0.112172  0.355609  0.474940 
 0.002387  0.011933  0.978520  0.007160 
 0.000000  1.000000  0.000000  0.000000 
 0.000000  0.040573  0.918854  0.040573 
 0.002387  0.916468  0.004773  0.076372 
 0.644391  0.076372  0.224344  0.054893 
 0.136038  0.248210  0.556086  0.059666 
 0.181384  0.262530  0.264916  0.291169 
 0.188544  0.169451  0.539379  0.102625 


MOTIF NRF1_Preferred_ENCFF520WIR_motif_2 MOTIF-2
letter-probability matrix: alength= 4 w= 11 nsites= 93 E= 1.1e-060 
 0.064516  0.053763  0.881720  0.000000 
 0.182796  0.806452  0.010753  0.000000 
 0.000000  0.000000  0.967742  0.032258 
 0.000000  0.913978  0.000000  0.086022 
 0.731183  0.182796  0.032258  0.053763 
 0.000000  0.129032  0.161290  0.709677 
 0.000000  0.000000  1.000000  0.000000 
 0.000000  0.892473  0.010753  0.096774 
 0.000000  0.010753  0.989247  0.000000 
 0.000000  0.666667  0.000000  0.333333 
 0.516129  0.064516  0.408602  0.010753 


