MEME version 4

ALPHABET= ACGT

strands: + -

Background letter frequencies
A 0.25 C 0.25 G 0.25 T 0.25



MOTIF ONECUT1-FLAG_Preferred_ENCFF759WME_motif_1 MOTIF-1
letter-probability matrix: alength= 4 w= 15 nsites= 465 E= 4.3e-730 
 0.395699  0.193548  0.232258  0.178495 
 0.475269  0.156989  0.227957  0.139785 
 0.378495  0.238710  0.193548  0.189247 
 0.513978  0.206452  0.165591  0.113978 
 0.698925  0.000000  0.301075  0.000000 
 0.954839  0.000000  0.043011  0.002151 
 0.017204  0.000000  0.000000  0.982796 
 0.008602  0.989247  0.002151  0.000000 
 0.713978  0.002151  0.281720  0.002151 
 1.000000  0.000000  0.000000  0.000000 
 0.000000  0.000000  0.000000  1.000000 
 0.707527  0.103226  0.137634  0.051613 
 0.354839  0.262366  0.178495  0.204301 
 0.324731  0.206452  0.174194  0.294624 
 0.221505  0.195699  0.219355  0.363441 


