MEME version 4

ALPHABET= ACGT

strands: + -

Background letter frequencies
A 0.25 C 0.25 G 0.25 T 0.25



MOTIF ONECUT2-FLAG_Preferred_ENCFF476NUG_motif_1 MOTIF-1
letter-probability matrix: alength= 4 w= 15 nsites= 484 E= 3.9e-789 
 0.388430  0.214876  0.256198  0.140496 
 0.485537  0.148760  0.225207  0.140496 
 0.357438  0.264463  0.196281  0.181818 
 0.528926  0.196281  0.159091  0.115702 
 0.663223  0.000000  0.336777  0.000000 
 0.954545  0.000000  0.045455  0.000000 
 0.000000  0.000000  0.000000  1.000000 
 0.000000  1.000000  0.000000  0.000000 
 0.659091  0.000000  0.334711  0.006198 
 1.000000  0.000000  0.000000  0.000000 
 0.000000  0.000000  0.000000  1.000000 
 0.667355  0.101240  0.159091  0.072314 
 0.384298  0.231405  0.192149  0.192149 
 0.266529  0.229339  0.216942  0.287190 
 0.221074  0.188017  0.233471  0.357438 


