MEME version 4

ALPHABET= ACGT

strands: + -

Background letter frequencies
A 0.25 C 0.25 G 0.25 T 0.25



MOTIF PBX2-FLAG_Preferred_ENCFF295AGS_motif_1 MOTIF-1
letter-probability matrix: alength= 4 w= 14 nsites= 488 E= 4.8e-430 
 0.106557  0.368852  0.284836  0.239754 
 0.188525  0.247951  0.391393  0.172131 
 0.133197  0.403689  0.334016  0.129098 
 0.125000  0.717213  0.098361  0.059426 
 0.116803  0.299180  0.026639  0.557377 
 0.053279  0.000000  0.924180  0.022541 
 0.004098  0.399590  0.000000  0.596311 
 0.000000  1.000000  0.000000  0.000000 
 0.665984  0.176230  0.075820  0.081967 
 0.448770  0.311475  0.204918  0.034836 
 0.000000  0.004098  0.002049  0.993852 
 0.026639  0.940574  0.000000  0.032787 
 0.616803  0.139344  0.118852  0.125000 
 0.194672  0.315574  0.336066  0.153689 


MOTIF PBX2-FLAG_Preferred_ENCFF295AGS_motif_2 MOTIF-2
letter-probability matrix: alength= 4 w= 11 nsites= 350 E= 8.6e-276 
 0.117143  0.200000  0.200000  0.482857 
 0.100000  0.537143  0.194286  0.168571 
 0.002857  0.502857  0.048571  0.445714 
 0.040000  0.414286  0.374286  0.171429 
 0.988571  0.000000  0.011429  0.000000 
 0.000000  0.071429  0.008571  0.920000 
 0.000000  0.000000  0.000000  1.000000 
 0.000000  0.000000  1.000000  0.000000 
 0.005714  0.000000  0.994286  0.000000 
 0.105714  0.488571  0.131429  0.274286 
 0.022857  0.454286  0.094286  0.428571 


