MEME version 4

ALPHABET= ACGT

strands: + -

Background letter frequencies
A 0.25 C 0.25 G 0.25 T 0.25



MOTIF PBX3-FLAG_Preferred_Local_motif_1 MOTIF-1
letter-probability matrix: alength= 4 w= 21 nsites= 97 E= 4.0e-422 
 0.154639  0.041237  0.680412  0.123711 
 0.041237  0.113402  0.752577  0.092784 
 0.278351  0.587629  0.020619  0.113402 
 0.082474  0.082474  0.773196  0.061856 
 0.000000  0.979381  0.000000  0.020619 
 0.000000  0.010309  0.000000  0.989691 
 0.030928  0.072165  0.896907  0.000000 
 0.010309  0.000000  0.072165  0.917526 
 0.000000  0.979381  0.010309  0.010309 
 0.000000  0.989691  0.000000  0.010309 
 0.505155  0.082474  0.391753  0.020619 
 0.206186  0.237113  0.082474  0.474227 
 0.030928  0.010309  0.958763  0.000000 
 0.000000  0.000000  1.000000  0.000000 
 0.020619  0.000000  0.000000  0.979381 
 0.030928  0.072165  0.845361  0.051546 
 0.000000  0.979381  0.010309  0.010309 
 0.000000  0.030928  0.000000  0.969072 
 0.030928  0.000000  0.958763  0.010309 
 0.773196  0.072165  0.134021  0.020619 
 0.628866  0.226804  0.051546  0.092784 


