MEME version 4

ALPHABET= ACGT

strands: + -

Background letter frequencies
A 0.25 C 0.25 G 0.25 T 0.25



MOTIF POLR2AphosphoS2_Preferred_ENCFF400CVS_motif_5 MOTIF-5
letter-probability matrix: alength= 4 w= 15 nsites= 46 E= 4.2e-006 
 0.108696  0.869565  0.021739  0.000000 
 0.760870  0.086957  0.000000  0.152174 
 0.195652  0.000000  0.804348  0.000000 
 0.086957  0.543478  0.065217  0.304348 
 0.021739  0.934783  0.043478  0.000000 
 0.000000  0.173913  0.804348  0.021739 
 0.891304  0.000000  0.108696  0.000000 
 0.152174  0.130435  0.695652  0.021739 
 0.021739  0.891304  0.086957  0.000000 
 0.304348  0.086957  0.434783  0.173913 
 0.000000  0.673913  0.326087  0.000000 
 0.021739  0.760870  0.108696  0.108696 
 0.000000  0.239130  0.760870  0.000000 
 0.652174  0.260870  0.086957  0.000000 
 0.108696  0.108696  0.760870  0.021739 


