MEME version 4

ALPHABET= ACGT

strands: + -

Background letter frequencies
A 0.25 C 0.25 G 0.25 T 0.25



MOTIF PRDM15-FLAG_Preferred_ENCFF028CNE_motif_1 MOTIF-1
letter-probability matrix: alength= 4 w= 18 nsites= 369 E= 9.0e-358 
 0.184282  0.246612  0.514905  0.054201 
 0.097561  0.314363  0.471545  0.116531 
 0.880759  0.029810  0.089431  0.000000 
 0.891599  0.024390  0.084011  0.000000 
 0.677507  0.029810  0.268293  0.024390 
 0.558266  0.127371  0.227642  0.086721 
 0.024390  0.688347  0.102981  0.184282 
 0.094851  0.747967  0.130081  0.027100 
 0.105691  0.441734  0.037940  0.414634 
 0.029810  0.000000  0.970190  0.000000 
 0.016260  0.000000  0.975610  0.008130 
 0.552846  0.252033  0.162602  0.032520 
 0.200542  0.311653  0.403794  0.084011 
 0.138211  0.441734  0.100271  0.319783 
 0.149051  0.154472  0.569106  0.127371 
 0.078591  0.102981  0.750678  0.067751 
 0.439024  0.138211  0.349593  0.073171 
 0.281843  0.138211  0.363144  0.216802 


