MEME version 4

ALPHABET= ACGT

strands: + -

Background letter frequencies
A 0.25 C 0.25 G 0.25 T 0.25



MOTIF RAD21_Preferred_ENCFF171ZXN_motif_1 MOTIF-1
letter-probability matrix: alength= 4 w= 15 nsites= 499 E= 1.6e-1036 
 0.112224  0.777555  0.054108  0.056112 
 0.010020  0.985972  0.000000  0.004008 
 0.787575  0.010020  0.110220  0.092184 
 0.018036  0.613226  0.350701  0.018036 
 0.150301  0.458918  0.068136  0.322645 
 0.859719  0.018036  0.074148  0.048096 
 0.012024  0.000000  0.987976  0.000000 
 0.432866  0.004008  0.559118  0.004008 
 0.040080  0.018036  0.472946  0.468938 
 0.012024  0.000000  0.979960  0.008016 
 0.080160  0.034068  0.785571  0.100200 
 0.094188  0.783567  0.008016  0.114228 
 0.494990  0.016032  0.466934  0.022044 
 0.062124  0.507014  0.394790  0.036072 
 0.058116  0.410822  0.080160  0.450902 


