MEME version 4

ALPHABET= ACGT

strands: + -

Background letter frequencies
A 0.25 C 0.25 G 0.25 T 0.25



MOTIF RAD21-eGFP_Uncharacterized_ENCFF049KLQ_motif_1 MOTIF-1
letter-probability matrix: alength= 4 w= 15 nsites= 476 E= 2.2e-994 
 0.077731  0.785714  0.111345  0.025210 
 0.000000  0.993697  0.006303  0.000000 
 0.571429  0.035714  0.313025  0.079832 
 0.012605  0.611345  0.365546  0.010504 
 0.058824  0.647059  0.134454  0.159664 
 0.798319  0.027311  0.136555  0.037815 
 0.014706  0.016807  0.968487  0.000000 
 0.277311  0.000000  0.714286  0.008403 
 0.016807  0.060924  0.619748  0.302521 
 0.012605  0.018908  0.968487  0.000000 
 0.037815  0.035714  0.857143  0.069328 
 0.050420  0.863445  0.016807  0.069328 
 0.346639  0.006303  0.630252  0.016807 
 0.027311  0.607143  0.342437  0.023109 
 0.048319  0.455882  0.144958  0.350840 


