MEME version 4

ALPHABET= ACGT

strands: + -

Background letter frequencies
A 0.25 C 0.25 G 0.25 T 0.25



MOTIF RAD21_Non-preferred_ENCFF986ECW_motif_1 MOTIF-1
letter-probability matrix: alength= 4 w= 15 nsites= 495 E= 1.0e-1079 
 0.038384  0.393939  0.513131  0.054545 
 0.018182  0.492929  0.022222  0.466667 
 0.082828  0.004040  0.824242  0.088889 
 0.076768  0.791919  0.048485  0.082828 
 0.000000  0.987879  0.000000  0.012121 
 0.397980  0.539394  0.028283  0.034343 
 0.004040  0.577778  0.004040  0.414141 
 0.002020  0.985859  0.000000  0.012121 
 0.050505  0.096970  0.006061  0.846465 
 0.280808  0.076768  0.537374  0.105051 
 0.018182  0.323232  0.634343  0.024242 
 0.062626  0.121212  0.010101  0.806061 
 0.000000  0.000000  0.995960  0.004040 
 0.036364  0.058586  0.808081  0.096970 
 0.119192  0.529293  0.074747  0.276768 


