MEME version 4

ALPHABET= ACGT

strands: + -

Background letter frequencies
A 0.25 C 0.25 G 0.25 T 0.25



MOTIF RAD21-FLAG_Uncharacterized_ENCFF786ZDM_motif_1 MOTIF-1
letter-probability matrix: alength= 4 w= 15 nsites= 500 E= 1.5e-1102 
 0.342000  0.120000  0.450000  0.088000 
 0.044000  0.436000  0.476000  0.044000 
 0.026000  0.500000  0.006000  0.468000 
 0.074000  0.014000  0.824000  0.088000 
 0.066000  0.868000  0.024000  0.042000 
 0.012000  0.974000  0.000000  0.014000 
 0.368000  0.556000  0.034000  0.042000 
 0.004000  0.612000  0.006000  0.378000 
 0.006000  0.976000  0.008000  0.010000 
 0.042000  0.074000  0.014000  0.870000 
 0.200000  0.112000  0.590000  0.098000 
 0.022000  0.372000  0.590000  0.016000 
 0.062000  0.126000  0.018000  0.794000 
 0.000000  0.000000  0.996000  0.004000 
 0.036000  0.058000  0.804000  0.102000 


