MEME version 4

ALPHABET= ACGT

strands: + -

Background letter frequencies
A 0.25 C 0.25 G 0.25 T 0.25



MOTIF RAD51_Preferred_ENCFF932LVB_motif_1 MOTIF-1
letter-probability matrix: alength= 4 w= 21 nsites= 457 E= 2.7e-1154 
 0.332604  0.120350  0.533917  0.013129 
 0.065646  0.236324  0.067834  0.630197 
 0.000000  1.000000  0.000000  0.000000 
 0.997812  0.000000  0.002188  0.000000 
 0.000000  0.951860  0.008753  0.039387 
 0.024070  0.008753  0.967177  0.000000 
 0.004376  0.002188  0.000000  0.993435 
 0.000000  0.000000  1.000000  0.000000 
 0.969365  0.006565  0.021882  0.002188 
 0.000000  0.842451  0.000000  0.157549 
 0.146608  0.533917  0.140044  0.179431 
 0.185996  0.426696  0.207877  0.179431 
 0.216630  0.339168  0.356674  0.087527 
 0.183807  0.321663  0.367615  0.126915 
 0.131291  0.365427  0.315098  0.188184 
 0.131291  0.385120  0.273523  0.210066 
 0.120350  0.315098  0.295405  0.269147 
 0.150985  0.315098  0.326039  0.207877 
 0.166302  0.363239  0.323851  0.146608 
 0.124726  0.380744  0.328228  0.166302 
 0.074398  0.461707  0.315098  0.148796 


MOTIF RAD51_Preferred_ENCFF932LVB_motif_3 MOTIF-3
letter-probability matrix: alength= 4 w= 11 nsites= 111 E= 5.4e-048 
 0.153153  0.306306  0.486486  0.054054 
 0.162162  0.135135  0.612613  0.090090 
 0.207207  0.072072  0.720721  0.000000 
 0.045045  0.045045  0.000000  0.909910 
 0.000000  1.000000  0.000000  0.000000 
 1.000000  0.000000  0.000000  0.000000 
 0.000000  0.765766  0.162162  0.072072 
 0.198198  0.099099  0.702703  0.000000 
 0.000000  0.000000  0.000000  1.000000 
 0.000000  0.000000  1.000000  0.000000 
 0.504505  0.171171  0.288288  0.036036 


