MEME version 4

ALPHABET= ACGT

strands: + -

Background letter frequencies
A 0.25 C 0.25 G 0.25 T 0.25



MOTIF RBAK-FLAG_Preferred_ENCFF376YBW_motif_1 MOTIF-1
letter-probability matrix: alength= 4 w= 18 nsites= 190 E= 2.7e-659 
 0.147368  0.578947  0.152632  0.121053 
 0.042105  0.173684  0.057895  0.726316 
 0.568421  0.078947  0.100000  0.252632 
 0.278947  0.168421  0.068421  0.484211 
 0.063158  0.047368  0.126316  0.763158 
 0.068421  0.010526  0.900000  0.021053 
 0.005263  0.931579  0.026316  0.036842 
 0.000000  0.131579  0.000000  0.868421 
 0.094737  0.021053  0.831579  0.052632 
 0.047368  0.426316  0.021053  0.505263 
 0.284211  0.015789  0.694737  0.005263 
 0.026316  0.015789  0.015789  0.942105 
 0.973684  0.005263  0.021053  0.000000 
 1.000000  0.000000  0.000000  0.000000 
 0.000000  0.978947  0.015789  0.005263 
 0.989474  0.005263  0.005263  0.000000 
 0.994737  0.000000  0.005263  0.000000 
 0.842105  0.036842  0.115789  0.005263 


MOTIF RBAK-FLAG_Preferred_ENCFF376YBW_motif_4 MOTIF-4
letter-probability matrix: alength= 4 w= 21 nsites= 149 E= 1.0e-206 
 0.187919  0.033557  0.691275  0.087248 
 0.046980  0.006711  0.939597  0.006711 
 0.147651  0.046980  0.718121  0.087248 
 0.181208  0.308725  0.382550  0.127517 
 0.335570  0.389262  0.100671  0.174497 
 0.026846  0.154362  0.000000  0.818792 
 0.234899  0.053691  0.644295  0.067114 
 0.000000  0.208054  0.053691  0.738255 
 0.026846  0.020134  0.000000  0.953020 
 0.006711  0.114094  0.000000  0.879195 
 0.020134  0.161074  0.818792  0.000000 
 0.000000  0.000000  0.000000  1.000000 
 0.000000  0.342282  0.000000  0.657718 
 0.604027  0.100671  0.013423  0.281879 
 0.046980  0.838926  0.040268  0.073826 
 0.302013  0.328859  0.053691  0.315436 
 0.268456  0.234899  0.362416  0.134228 
 0.302013  0.469799  0.107383  0.120805 
 0.214765  0.214765  0.328859  0.241611 
 0.134228  0.348993  0.416107  0.100671 
 0.154362  0.523490  0.134228  0.187919 


