MEME version 4

ALPHABET= ACGT

strands: + -

Background letter frequencies
A 0.25 C 0.25 G 0.25 T 0.25



MOTIF RCOR1_Preferred_ENCFF110WHS_motif_2 MOTIF-2
letter-probability matrix: alength= 4 w= 19 nsites= 170 E= 1.3e-341 
 0.070588  0.500000  0.411765  0.017647 
 0.317647  0.152941  0.294118  0.235294 
 0.252941  0.229412  0.488235  0.029412 
 0.223529  0.364706  0.176471  0.235294 
 0.005882  0.000000  0.017647  0.976471 
 0.041176  0.935294  0.017647  0.005882 
 0.005882  0.052941  0.000000  0.941176 
 0.000000  1.000000  0.000000  0.000000 
 0.029412  0.000000  0.970588  0.000000 
 0.000000  0.988235  0.011765  0.000000 
 0.005882  0.000000  0.994118  0.000000 
 0.876471  0.011765  0.100000  0.011765 
 0.000000  0.029412  0.764706  0.205882 
 0.764706  0.052941  0.141176  0.041176 
 0.200000  0.264706  0.252941  0.282353 
 0.111765  0.270588  0.129412  0.488235 
 0.029412  0.358824  0.282353  0.329412 
 0.158824  0.229412  0.505882  0.105882 
 0.223529  0.347059  0.388235  0.041176 


