MEME version 4

ALPHABET= ACGT

strands: + -

Background letter frequencies
A 0.25 C 0.25 G 0.25 T 0.25



MOTIF REST_Non-preferred_ENCFF128XEY_motif_1 MOTIF-1
letter-probability matrix: alength= 4 w= 15 nsites= 415 E= 9.9e-1725 
 0.000000  0.985542  0.002410  0.012048 
 0.007229  0.000000  0.000000  0.992771 
 0.048193  0.081928  0.867470  0.002410 
 0.016867  0.007229  0.053012  0.922892 
 0.000000  0.997590  0.000000  0.002410 
 0.000000  0.987952  0.000000  0.012048 
 0.513253  0.067470  0.286747  0.132530 
 0.195181  0.125301  0.103614  0.575904 
 0.028916  0.004819  0.959036  0.007229 
 0.000000  0.000000  1.000000  0.000000 
 0.004819  0.002410  0.000000  0.992771 
 0.084337  0.173494  0.674699  0.067470 
 0.000000  0.983133  0.002410  0.014458 
 0.002410  0.019277  0.004819  0.973494 
 0.053012  0.012048  0.930120  0.004819 


MOTIF REST_Non-preferred_ENCFF128XEY_motif_2 MOTIF-2
letter-probability matrix: alength= 4 w= 11 nsites= 99 E= 4.4e-143 
 0.141414  0.272727  0.040404  0.545455 
 0.000000  0.000000  1.000000  0.000000 
 0.000000  0.000000  1.000000  0.000000 
 1.000000  0.000000  0.000000  0.000000 
 0.000000  0.969697  0.030303  0.000000 
 1.000000  0.000000  0.000000  0.000000 
 0.000000  0.000000  1.000000  0.000000 
 0.000000  0.959596  0.000000  0.040404 
 0.121212  0.020202  0.242424  0.616162 
 0.050505  0.848485  0.101010  0.000000 
 0.050505  0.848485  0.000000  0.101010 


MOTIF REST_Non-preferred_ENCFF128XEY_motif_3 MOTIF-3
letter-probability matrix: alength= 4 w= 15 nsites= 75 E= 1.4e-083 
 0.200000  0.413333  0.346667  0.040000 
 0.226667  0.240000  0.240000  0.293333 
 0.080000  0.520000  0.213333  0.186667 
 0.093333  0.480000  0.173333  0.253333 
 0.133333  0.306667  0.440000  0.120000 
 0.186667  0.186667  0.133333  0.493333 
 0.200000  0.000000  0.800000  0.000000 
 0.000000  0.000000  1.000000  0.000000 
 0.000000  0.000000  0.000000  1.000000 
 0.026667  0.026667  0.880000  0.066667 
 0.000000  1.000000  0.000000  0.000000 
 0.013333  0.000000  0.000000  0.986667 
 0.000000  0.000000  1.000000  0.000000 
 0.986667  0.000000  0.013333  0.000000 
 0.853333  0.040000  0.000000  0.106667 


