MEME version 4

ALPHABET= ACGT

strands: + -

Background letter frequencies
A 0.25 C 0.25 G 0.25 T 0.25



MOTIF REST_Preferred_ENCFF227COI_motif_1 MOTIF-1
letter-probability matrix: alength= 4 w= 20 nsites= 410 E= 2.0e-2046 
 0.148780  0.114634  0.475610  0.260976 
 0.136585  0.017073  0.760976  0.085366 
 0.053659  0.175610  0.682927  0.087805 
 0.307317  0.497561  0.017073  0.178049 
 0.095122  0.070732  0.756098  0.078049 
 0.000000  0.980488  0.004878  0.014634 
 0.000000  0.000000  0.002439  0.997561 
 0.024390  0.085366  0.890244  0.000000 
 0.041463  0.000000  0.056098  0.902439 
 0.000000  0.995122  0.000000  0.004878 
 0.000000  0.992683  0.000000  0.007317 
 0.482927  0.082927  0.341463  0.092683 
 0.187805  0.134146  0.117073  0.560976 
 0.029268  0.007317  0.953659  0.009756 
 0.000000  0.000000  1.000000  0.000000 
 0.007317  0.002439  0.000000  0.990244 
 0.058537  0.136585  0.743902  0.060976 
 0.000000  0.978049  0.012195  0.009756 
 0.007317  0.029268  0.002439  0.960976 
 0.046341  0.019512  0.931707  0.002439 


MOTIF REST_Preferred_ENCFF227COI_motif_2 MOTIF-2
letter-probability matrix: alength= 4 w= 14 nsites= 110 E= 7.1e-149 
 0.172727  0.100000  0.509091  0.218182 
 0.118182  0.009091  0.818182  0.054545 
 0.009091  0.109091  0.818182  0.063636 
 0.554545  0.354545  0.000000  0.090909 
 0.054545  0.018182  0.900000  0.027273 
 0.000000  1.000000  0.000000  0.000000 
 0.000000  0.000000  0.000000  1.000000 
 0.000000  0.063636  0.936364  0.000000 
 0.018182  0.000000  0.009091  0.972727 
 0.000000  1.000000  0.000000  0.000000 
 0.009091  0.990909  0.000000  0.000000 
 0.609091  0.063636  0.236364  0.090909 
 0.090909  0.400000  0.372727  0.136364 
 0.136364  0.436364  0.300000  0.127273 


MOTIF REST_Preferred_ENCFF227COI_motif_3 MOTIF-3
letter-probability matrix: alength= 4 w= 14 nsites= 75 E= 7.0e-078 
 0.186667  0.186667  0.440000  0.186667 
 0.066667  0.333333  0.266667  0.333333 
 0.093333  0.000000  0.053333  0.853333 
 0.000000  0.000000  0.040000  0.960000 
 0.000000  1.000000  0.000000  0.000000 
 1.000000  0.000000  0.000000  0.000000 
 0.000000  0.000000  1.000000  0.000000 
 0.053333  0.893333  0.040000  0.013333 
 1.000000  0.000000  0.000000  0.000000 
 0.000000  1.000000  0.000000  0.000000 
 0.000000  0.800000  0.000000  0.200000 
 0.413333  0.186667  0.200000  0.200000 
 0.160000  0.386667  0.386667  0.066667 
 0.186667  0.266667  0.466667  0.080000 


