MEME version 4

ALPHABET= ACGT

strands: + -

Background letter frequencies
A 0.25 C 0.25 G 0.25 T 0.25



MOTIF RFX1_Preferred_ENCFF881BZS_motif_1 MOTIF-1
letter-probability matrix: alength= 4 w= 21 nsites= 443 E= 7.9e-1015 
 0.101580  0.410835  0.329571  0.158014 
 0.106095  0.072235  0.735892  0.085779 
 0.036117  0.090293  0.196388  0.677201 
 0.063205  0.338600  0.060948  0.537246 
 0.144470  0.203160  0.446953  0.205418 
 0.000000  0.783296  0.088036  0.128668 
 0.000000  0.952596  0.000000  0.047404 
 0.516930  0.261851  0.081264  0.139955 
 0.065463  0.076749  0.063205  0.794582 
 0.291196  0.000000  0.708804  0.000000 
 0.056433  0.000000  0.943567  0.000000 
 0.054176  0.851016  0.027088  0.067720 
 0.821670  0.000000  0.153499  0.024831 
 0.981941  0.000000  0.018059  0.000000 
 0.000000  0.995485  0.000000  0.004515 
 0.189616  0.374718  0.318284  0.117381 
 0.209932  0.160271  0.595937  0.033860 
 0.110609  0.381490  0.415350  0.092551 
 0.185102  0.279910  0.399549  0.135440 
 0.194131  0.288939  0.388262  0.128668 
 0.160271  0.347630  0.356659  0.135440 


