MEME version 4

ALPHABET= ACGT

strands: + -

Background letter frequencies
A 0.25 C 0.25 G 0.25 T 0.25



MOTIF RFX3-FLAG_Preferred_ENCFF388AKT_motif_1 MOTIF-1
letter-probability matrix: alength= 4 w= 18 nsites= 476 E= 3.1e-1149 
 0.046218  0.510504  0.264706  0.178571 
 0.123950  0.388655  0.308824  0.178571 
 0.094538  0.075630  0.750000  0.079832 
 0.029412  0.084034  0.165966  0.720588 
 0.065126  0.386555  0.050420  0.497899 
 0.098739  0.224790  0.407563  0.268908 
 0.000000  0.800420  0.058824  0.140756 
 0.000000  0.960084  0.000000  0.039916 
 0.558824  0.258403  0.029412  0.153361 
 0.079832  0.096639  0.027311  0.796218 
 0.254202  0.000000  0.745798  0.000000 
 0.077731  0.000000  0.920168  0.002101 
 0.035714  0.850840  0.016807  0.096639 
 0.869748  0.006303  0.107143  0.016807 
 0.976891  0.002101  0.021008  0.000000 
 0.000000  0.989496  0.000000  0.010504 
 0.212185  0.413866  0.298319  0.075630 
 0.258403  0.191176  0.485294  0.065126 


MOTIF RFX3-FLAG_Preferred_ENCFF388AKT_motif_5 MOTIF-5
letter-probability matrix: alength= 4 w= 11 nsites= 55 E= 2.5e-011 
 0.000000  1.000000  0.000000  0.000000 
 0.109091  0.600000  0.000000  0.290909 
 0.145455  0.018182  0.254545  0.581818 
 0.581818  0.000000  0.418182  0.000000 
 0.000000  0.000000  1.000000  0.000000 
 0.000000  1.000000  0.000000  0.000000 
 1.000000  0.000000  0.000000  0.000000 
 0.890909  0.018182  0.090909  0.000000 
 0.000000  1.000000  0.000000  0.000000 
 0.145455  0.472727  0.200000  0.181818 
 0.254545  0.218182  0.527273  0.000000 


