MEME version 4

ALPHABET= ACGT

strands: + -

Background letter frequencies
A 0.25 C 0.25 G 0.25 T 0.25



MOTIF RFX5_Preferred_ENCFF170RLS_motif_1 MOTIF-1
letter-probability matrix: alength= 4 w= 17 nsites= 432 E= 5.0e-543 
 0.101852  0.134259  0.173611  0.590278 
 0.120370  0.620370  0.150463  0.108796 
 0.548611  0.189815  0.166667  0.094907 
 0.115741  0.310185  0.270833  0.303241 
 0.062500  0.585648  0.101852  0.250000 
 0.275463  0.050926  0.171296  0.502315 
 0.030093  0.004630  0.965278  0.000000 
 0.000000  0.030093  0.023148  0.946759 
 0.071759  0.141204  0.011574  0.775463 
 0.199074  0.025463  0.666667  0.108796 
 0.011574  0.942130  0.000000  0.046296 
 0.000000  0.449074  0.000000  0.550926 
 0.719907  0.011574  0.243056  0.025463 
 0.145833  0.018519  0.641204  0.194444 
 0.043981  0.057870  0.868056  0.030093 
 0.148148  0.384259  0.317130  0.150463 
 0.486111  0.182870  0.233796  0.097222 


MOTIF RFX5_Preferred_ENCFF170RLS_motif_2 MOTIF-2
letter-probability matrix: alength= 4 w= 13 nsites= 212 E= 1.6e-175 
 0.136792  0.466981  0.207547  0.188679 
 0.589623  0.113208  0.297170  0.000000 
 0.311321  0.051887  0.537736  0.099057 
 0.000000  1.000000  0.000000  0.000000 
 0.000000  1.000000  0.000000  0.000000 
 0.952830  0.014151  0.000000  0.033019 
 0.962264  0.004717  0.033019  0.000000 
 0.000000  0.004717  0.004717  0.990566 
 0.094340  0.570755  0.334906  0.000000 
 0.646226  0.099057  0.254717  0.000000 
 0.141509  0.169811  0.627358  0.061321 
 0.528302  0.212264  0.179245  0.080189 
 0.358491  0.080189  0.452830  0.108491 


