MEME version 4

ALPHABET= ACGT

strands: + -

Background letter frequencies
A 0.25 C 0.25 G 0.25 T 0.25



MOTIF RFXAP-FLAG_Preferred_ENCFF985JDC_motif_1 MOTIF-1
letter-probability matrix: alength= 4 w= 15 nsites= 217 E= 2.6e-246 
 0.069124  0.262673  0.161290  0.506912 
 0.046083  0.529954  0.147465  0.276498 
 0.087558  0.281106  0.235023  0.396313 
 0.110599  0.373272  0.423963  0.092166 
 0.018433  0.949309  0.023041  0.009217 
 0.156682  0.677419  0.013825  0.152074 
 0.013825  0.294931  0.000000  0.691244 
 0.594470  0.000000  0.405530  0.000000 
 0.032258  0.000000  0.953917  0.013825 
 0.096774  0.741935  0.004608  0.156682 
 0.852535  0.009217  0.092166  0.046083 
 1.000000  0.000000  0.000000  0.000000 
 0.000000  1.000000  0.000000  0.000000 
 0.562212  0.147465  0.069124  0.221198 
 0.193548  0.119816  0.645161  0.041475 


