MEME version 4

ALPHABET= ACGT

strands: + -

Background letter frequencies
A 0.25 C 0.25 G 0.25 T 0.25



MOTIF SATB2-FLAG_Preferred_ENCFF231FHP_motif_2 MOTIF-2
letter-probability matrix: alength= 4 w= 15 nsites= 278 E= 1.9e-103 
 0.000000  0.737410  0.262590  0.000000 
 0.528777  0.223022  0.201439  0.046763 
 0.000000  0.068345  0.931655  0.000000 
 0.000000  0.856115  0.143885  0.000000 
 0.456835  0.014388  0.413669  0.115108 
 0.000000  0.643885  0.356115  0.000000 
 0.000000  0.669065  0.280576  0.050360 
 0.176259  0.345324  0.133094  0.345324 
 0.021583  0.201439  0.661871  0.115108 
 0.000000  0.359712  0.640288  0.000000 
 0.064748  0.287770  0.647482  0.000000 
 0.151079  0.338129  0.435252  0.075540 
 0.079137  0.661871  0.172662  0.086331 
 0.241007  0.143885  0.485612  0.129496 
 0.003597  0.449640  0.546763  0.000000 


