MEME version 4

ALPHABET= ACGT

strands: + -

Background letter frequencies
A 0.25 C 0.25 G 0.25 T 0.25



MOTIF SIN3B_Preferred_ENCFF817MLD_motif_2 MOTIF-2
letter-probability matrix: alength= 4 w= 15 nsites= 137 E= 6.5e-093 
 0.021898  0.109489  0.000000  0.868613 
 0.021898  0.058394  0.000000  0.919708 
 0.000000  0.525547  0.094891  0.379562 
 0.598540  0.080292  0.321168  0.000000 
 0.919708  0.000000  0.043796  0.036496 
 0.773723  0.072993  0.080292  0.072993 
 0.182482  0.226277  0.058394  0.532847 
 0.138686  0.291971  0.102190  0.467153 
 0.051095  0.233577  0.153285  0.562044 
 0.058394  0.598540  0.277372  0.065693 
 0.000000  0.591241  0.408759  0.000000 
 0.000000  0.919708  0.036496  0.043796 
 0.029197  0.014599  0.919708  0.036496 
 0.000000  0.781022  0.211679  0.007299 
 0.007299  0.496350  0.350365  0.145985 


