MEME version 4

ALPHABET= ACGT

strands: + -

Background letter frequencies
A 0.25 C 0.25 G 0.25 T 0.25



MOTIF SIX1-FLAG_Preferred_ENCFF885NXZ_motif_1 MOTIF-1
letter-probability matrix: alength= 4 w= 14 nsites= 442 E= 1.0e-645 
 0.165158  0.015837  0.165158  0.653846 
 0.002262  0.000000  0.997738  0.000000 
 0.527149  0.024887  0.020362  0.427602 
 0.907240  0.070136  0.000000  0.022624 
 0.990950  0.006787  0.000000  0.002262 
 0.049774  0.509050  0.033937  0.407240 
 0.219457  0.395928  0.054299  0.330317 
 0.045249  0.142534  0.081448  0.730769 
 0.081448  0.009050  0.850679  0.058824 
 1.000000  0.000000  0.000000  0.000000 
 0.076923  0.167421  0.230769  0.524887 
 0.486425  0.434389  0.022624  0.056561 
 0.083710  0.565611  0.054299  0.296380 
 0.083710  0.393665  0.223982  0.298643 


