MEME version 4

ALPHABET= ACGT

strands: + -

Background letter frequencies
A 0.25 C 0.25 G 0.25 T 0.25



MOTIF SIX4-FLAG_Preferred_ENCFF832KYL_motif_1 MOTIF-1
letter-probability matrix: alength= 4 w= 15 nsites= 418 E= 7.7e-676 
 0.198565  0.311005  0.181818  0.308612 
 0.119617  0.019139  0.145933  0.715311 
 0.000000  0.000000  0.997608  0.002392 
 0.507177  0.059809  0.019139  0.413876 
 0.913876  0.057416  0.000000  0.028708 
 0.995215  0.004785  0.000000  0.000000 
 0.019139  0.516746  0.021531  0.442584 
 0.232057  0.459330  0.040670  0.267943 
 0.050239  0.093301  0.081340  0.775120 
 0.038278  0.007177  0.940191  0.014354 
 1.000000  0.000000  0.000000  0.000000 
 0.105263  0.275120  0.299043  0.320574 
 0.428230  0.421053  0.055024  0.095694 
 0.078947  0.700957  0.028708  0.191388 
 0.081340  0.471292  0.160287  0.287081 


