MEME version 4

ALPHABET= ACGT

strands: + -

Background letter frequencies
A 0.25 C 0.25 G 0.25 T 0.25



MOTIF SIX5-FLAG_Preferred_Local_motif_4 MOTIF-4
letter-probability matrix: alength= 4 w= 15 nsites= 34 E= 2.2e-066 
 0.058824  0.911765  0.029412  0.000000 
 1.000000  0.000000  0.000000  0.000000 
 0.000000  0.000000  1.000000  0.000000 
 0.117647  0.764706  0.058824  0.058824 
 1.000000  0.000000  0.000000  0.000000 
 0.000000  1.000000  0.000000  0.000000 
 0.000000  0.882353  0.000000  0.117647 
 0.558824  0.117647  0.264706  0.058824 
 0.058824  0.235294  0.176471  0.529412 
 0.029412  0.000000  0.970588  0.000000 
 0.088235  0.000000  0.882353  0.029412 
 0.941176  0.029412  0.000000  0.029412 
 0.000000  0.823529  0.088235  0.088235 
 1.000000  0.000000  0.000000  0.000000 
 0.000000  0.000000  1.000000  0.000000 


