MEME version 4

ALPHABET= ACGT

strands: + -

Background letter frequencies
A 0.25 C 0.25 G 0.25 T 0.25



MOTIF SMC3_Preferred_ENCFF492IMA_motif_1 MOTIF-1
letter-probability matrix: alength= 4 w= 15 nsites= 500 E= 1.0e-1127 
 0.102000  0.784000  0.048000  0.066000 
 0.008000  0.986000  0.002000  0.004000 
 0.872000  0.002000  0.060000  0.066000 
 0.010000  0.668000  0.308000  0.014000 
 0.158000  0.566000  0.054000  0.222000 
 0.916000  0.006000  0.048000  0.030000 
 0.006000  0.002000  0.990000  0.002000 
 0.440000  0.006000  0.548000  0.006000 
 0.054000  0.012000  0.544000  0.390000 
 0.016000  0.000000  0.974000  0.010000 
 0.054000  0.018000  0.866000  0.062000 
 0.134000  0.760000  0.008000  0.098000 
 0.492000  0.018000  0.446000  0.044000 
 0.076000  0.474000  0.390000  0.060000 
 0.132000  0.394000  0.096000  0.378000 


