MEME version 4

ALPHABET= ACGT

strands: + -

Background letter frequencies
A 0.25 C 0.25 G 0.25 T 0.25



MOTIF SP1-FLAG_Non-preferred_ENCFF022SPK_motif_1 MOTIF-1
letter-probability matrix: alength= 4 w= 21 nsites= 465 E= 1.7e-866 
 0.146237  0.301075  0.438710  0.113978 
 0.165591  0.380645  0.339785  0.113978 
 0.133333  0.372043  0.417204  0.077419 
 0.152688  0.309677  0.443011  0.094624 
 0.120430  0.305376  0.449462  0.124731 
 0.208602  0.286022  0.356989  0.148387 
 0.393548  0.223656  0.283871  0.098925 
 0.260215  0.148387  0.546237  0.045161 
 0.105376  0.049462  0.612903  0.232258 
 0.126882  0.012903  0.860215  0.000000 
 0.000000  0.000000  1.000000  0.000000 
 0.000000  0.002151  0.997849  0.000000 
 0.043011  0.916129  0.000000  0.040860 
 0.012903  0.000000  0.987097  0.000000 
 0.000000  0.021505  0.765591  0.212903 
 0.141935  0.021505  0.778495  0.058065 
 0.101075  0.124731  0.724731  0.049462 
 0.049462  0.804301  0.049462  0.096774 
 0.077419  0.535484  0.204301  0.182796 
 0.260215  0.202151  0.324731  0.212903 
 0.161290  0.283871  0.460215  0.094624 


MOTIF SP1-FLAG_Non-preferred_ENCFF022SPK_motif_2 MOTIF-2
letter-probability matrix: alength= 4 w= 11 nsites= 221 E= 1.4e-112 
 0.072398  0.076923  0.791855  0.058824 
 0.054299  0.809955  0.045249  0.090498 
 0.045249  0.819005  0.036199  0.099548 
 0.212670  0.651584  0.135747  0.000000 
 0.004525  0.990950  0.000000  0.004525 
 0.058824  0.000000  0.868778  0.072398 
 0.000000  0.968326  0.018100  0.013575 
 0.000000  0.923077  0.027149  0.049774 
 0.000000  0.656109  0.126697  0.217195 
 0.180995  0.728507  0.013575  0.076923 
 0.022624  0.628959  0.122172  0.226244 


