MEME version 4

ALPHABET= ACGT

strands: + -

Background letter frequencies
A 0.25 C 0.25 G 0.25 T 0.25



MOTIF SP5-FLAG_Preferred_ENCFF997EZO_motif_1 MOTIF-1
letter-probability matrix: alength= 4 w= 15 nsites= 410 E= 2.1e-467 
 0.200000  0.404878  0.212195  0.182927 
 0.190244  0.363415  0.229268  0.217073 
 0.107317  0.543902  0.204878  0.143902 
 0.141463  0.182927  0.190244  0.485366 
 0.117073  0.058537  0.582927  0.241463 
 0.026829  0.785366  0.041463  0.146341 
 0.051220  0.539024  0.014634  0.395122 
 0.048780  0.951220  0.000000  0.000000 
 0.000000  0.970732  0.000000  0.029268 
 0.143902  0.004878  0.485366  0.365854 
 0.000000  1.000000  0.000000  0.000000 
 0.000000  1.000000  0.000000  0.000000 
 0.000000  0.821951  0.000000  0.178049 
 0.382927  0.424390  0.019512  0.173171 
 0.073171  0.590244  0.151220  0.185366 


