MEME version 4

ALPHABET= ACGT

strands: + -

Background letter frequencies
A 0.25 C 0.25 G 0.25 T 0.25



MOTIF SRF_Preferred_ENCFF299ZUK_motif_1 MOTIF-1
letter-probability matrix: alength= 4 w= 15 nsites= 388 E= 1.4e-713 
 0.175258  0.123711  0.072165  0.628866 
 0.131443  0.110825  0.451031  0.306701 
 0.224227  0.340206  0.226804  0.208763 
 0.002577  0.981959  0.000000  0.015464 
 0.000000  0.917526  0.000000  0.082474 
 0.731959  0.051546  0.018041  0.198454 
 0.432990  0.020619  0.015464  0.530928 
 0.963918  0.007732  0.007732  0.020619 
 0.293814  0.056701  0.000000  0.649485 
 0.881443  0.020619  0.015464  0.082474 
 0.672680  0.012887  0.015464  0.298969 
 0.015464  0.000000  0.984536  0.000000 
 0.005155  0.000000  0.992268  0.002577 
 0.340206  0.342784  0.164948  0.152062 
 0.515464  0.231959  0.170103  0.082474 


