MEME version 4

ALPHABET= ACGT

strands: + -

Background letter frequencies
A 0.25 C 0.25 G 0.25 T 0.25



MOTIF STAG1-FLAG_Preferred_ENCFF514OVO_motif_1 MOTIF-1
letter-probability matrix: alength= 4 w= 18 nsites= 489 E= 1.8e-1179 
 0.353783  0.310838  0.231084  0.104294 
 0.038855  0.298569  0.261759  0.400818 
 0.384458  0.100204  0.447853  0.067485 
 0.040900  0.394683  0.521472  0.042945 
 0.018405  0.507157  0.016360  0.458078 
 0.092025  0.006135  0.840491  0.061350 
 0.083845  0.850716  0.026585  0.038855 
 0.000000  0.983640  0.002045  0.014315 
 0.417178  0.533742  0.030675  0.018405 
 0.002045  0.568507  0.004090  0.425358 
 0.000000  0.983640  0.000000  0.016360 
 0.042945  0.079755  0.024540  0.852761 
 0.233129  0.104294  0.548057  0.114519 
 0.022495  0.339468  0.627812  0.010225 
 0.069530  0.137014  0.010225  0.783231 
 0.000000  0.000000  0.991820  0.008180 
 0.040900  0.053170  0.805726  0.100204 
 0.128834  0.527607  0.098160  0.245399 


