MEME version 4

ALPHABET= ACGT

strands: + -

Background letter frequencies
A 0.25 C 0.25 G 0.25 T 0.25



MOTIF SUZ12_Preferred_ENCFF482HFQ_motif_3 MOTIF-3
letter-probability matrix: alength= 4 w= 15 nsites= 500 E= 3.1e-218 
 0.312000  0.430000  0.252000  0.006000 
 0.668000  0.030000  0.290000  0.012000 
 0.072000  0.052000  0.506000  0.370000 
 0.044000  0.190000  0.732000  0.034000 
 0.012000  0.972000  0.006000  0.010000 
 0.280000  0.432000  0.062000  0.226000 
 0.078000  0.486000  0.228000  0.208000 
 0.066000  0.548000  0.038000  0.348000 
 0.010000  0.012000  0.896000  0.082000 
 0.020000  0.730000  0.224000  0.026000 
 0.066000  0.038000  0.818000  0.078000 
 0.172000  0.416000  0.376000  0.036000 
 0.090000  0.580000  0.244000  0.086000 
 0.200000  0.348000  0.294000  0.158000 
 0.186000  0.372000  0.344000  0.098000 


MOTIF SUZ12_Preferred_ENCFF482HFQ_motif_4 MOTIF-4
letter-probability matrix: alength= 4 w= 15 nsites= 46 E= 1.1e-028 
 0.000000  0.000000  0.000000  1.000000 
 0.000000  1.000000  0.000000  0.000000 
 0.000000  1.000000  0.000000  0.000000 
 0.000000  0.956522  0.000000  0.043478 
 0.739130  0.000000  0.260870  0.000000 
 0.108696  0.043478  0.782609  0.065217 
 0.282609  0.652174  0.043478  0.021739 
 0.782609  0.000000  0.217391  0.000000 
 0.086957  0.000000  0.260870  0.652174 
 0.000000  0.173913  0.739130  0.086957 
 0.000000  1.000000  0.000000  0.000000 
 0.369565  0.304348  0.043478  0.282609 
 0.152174  0.434783  0.173913  0.239130 
 0.086957  0.565217  0.000000  0.347826 
 0.282609  0.108696  0.521739  0.086957 


