MEME version 4

ALPHABET= ACGT

strands: + -

Background letter frequencies
A 0.25 C 0.25 G 0.25 T 0.25



MOTIF TCF7_Preferred_ENCFF646DDZ_motif_1 MOTIF-1
letter-probability matrix: alength= 4 w= 14 nsites= 443 E= 1.3e-460 
 0.221219  0.164786  0.169300  0.444695 
 0.110609  0.264108  0.327314  0.297968 
 0.112867  0.408578  0.214447  0.264108 
 0.020316  0.851016  0.029345  0.099323 
 0.004515  0.000000  0.000000  0.995485 
 0.000000  0.038375  0.022573  0.939052 
 0.000000  0.000000  0.000000  1.000000 
 0.029345  0.173815  0.753950  0.042889 
 0.864560  0.033860  0.015801  0.085779 
 0.343115  0.004515  0.011287  0.641084 
 0.038375  0.483070  0.435666  0.042889 
 0.119639  0.158014  0.033860  0.688488 
 0.112867  0.311512  0.198646  0.376975 
 0.209932  0.225734  0.173815  0.390519 


