MEME version 4

ALPHABET= ACGT

strands: + -

Background letter frequencies
A 0.25 C 0.25 G 0.25 T 0.25



MOTIF TCF7L2_Non-preferred_ENCFF407LPM_motif_1 MOTIF-1
letter-probability matrix: alength= 4 w= 15 nsites= 465 E= 6.4e-470 
 0.197849  0.187097  0.195699  0.419355 
 0.107527  0.270968  0.266667  0.354839 
 0.113978  0.436559  0.195699  0.253763 
 0.000000  0.821505  0.027957  0.150538 
 0.012903  0.021505  0.000000  0.965591 
 0.000000  0.040860  0.017204  0.941935 
 0.000000  0.000000  0.000000  1.000000 
 0.023656  0.197849  0.686022  0.092473 
 0.840860  0.034409  0.000000  0.124731 
 0.255914  0.000000  0.008602  0.735484 
 0.066667  0.479570  0.393548  0.060215 
 0.094624  0.169892  0.049462  0.686022 
 0.098925  0.270968  0.219355  0.410753 
 0.200000  0.258065  0.161290  0.380645 
 0.236559  0.227957  0.206452  0.329032 


