MEME version 4

ALPHABET= ACGT

strands: + -

Background letter frequencies
A 0.25 C 0.25 G 0.25 T 0.25



MOTIF TEAD1-FLAG_Preferred_ENCFF715HFB_motif_1 MOTIF-1
letter-probability matrix: alength= 4 w= 15 nsites= 405 E= 4.4e-423 
 0.276543  0.254321  0.160494  0.308642 
 0.197531  0.330864  0.118519  0.353086 
 0.180247  0.320988  0.200000  0.298765 
 0.528395  0.022222  0.414815  0.034568 
 0.217284  0.748148  0.034568  0.000000 
 1.000000  0.000000  0.000000  0.000000 
 0.000000  0.000000  0.000000  1.000000 
 0.061728  0.000000  0.024691  0.913580 
 0.000000  0.972840  0.000000  0.027160 
 0.000000  0.879012  0.000000  0.120988 
 0.471605  0.044444  0.009877  0.474074 
 0.128395  0.130864  0.567901  0.172840 
 0.207407  0.390123  0.254321  0.148148 
 0.185185  0.486420  0.214815  0.113580 
 0.412346  0.190123  0.167901  0.229630 


