MEME version 4

ALPHABET= ACGT

strands: + -

Background letter frequencies
A 0.25 C 0.25 G 0.25 T 0.25



MOTIF TEAD4-FLAG_Preferred_ENCFF392AXI_motif_1 MOTIF-1
letter-probability matrix: alength= 4 w= 15 nsites= 473 E= 5.5e-711 
 0.357294  0.249471  0.255814  0.137421 
 0.213531  0.177590  0.207188  0.401691 
 0.067653  0.255814  0.473573  0.202960 
 0.059197  0.418605  0.378436  0.143763 
 0.103594  0.697674  0.118393  0.080338 
 0.431290  0.061311  0.027484  0.479915 
 0.095137  0.000000  0.904863  0.000000 
 0.000000  0.012685  0.987315  0.000000 
 0.936575  0.021142  0.000000  0.042283 
 1.000000  0.000000  0.000000  0.000000 
 0.000000  0.000000  0.000000  1.000000 
 0.002114  0.031712  0.816068  0.150106 
 0.023256  0.477801  0.010571  0.488372 
 0.264271  0.194503  0.418605  0.122622 
 0.310782  0.135307  0.405920  0.147992 


