MEME version 4

ALPHABET= ACGT

strands: + -

Background letter frequencies
A 0.25 C 0.25 G 0.25 T 0.25



MOTIF TEAD3-FLAG_Preferred_ENCFF467MXY_motif_1 MOTIF-1
letter-probability matrix: alength= 4 w= 15 nsites= 500 E= 1.3e-581 
 0.302000  0.258000  0.294000  0.146000 
 0.248000  0.144000  0.188000  0.420000 
 0.076000  0.208000  0.532000  0.184000 
 0.114000  0.284000  0.440000  0.162000 
 0.166000  0.602000  0.096000  0.136000 
 0.426000  0.020000  0.054000  0.500000 
 0.086000  0.000000  0.914000  0.000000 
 0.040000  0.022000  0.938000  0.000000 
 0.854000  0.044000  0.004000  0.098000 
 0.974000  0.022000  0.002000  0.002000 
 0.006000  0.016000  0.004000  0.974000 
 0.000000  0.042000  0.828000  0.130000 
 0.046000  0.404000  0.038000  0.512000 
 0.328000  0.126000  0.394000  0.152000 
 0.306000  0.176000  0.350000  0.168000 


