MEME version 4

ALPHABET= ACGT

strands: + -

Background letter frequencies
A 0.25 C 0.25 G 0.25 T 0.25



MOTIF TEF-FLAG_Preferred_ENCFF019SUK_motif_1 MOTIF-1
letter-probability matrix: alength= 4 w= 11 nsites= 395 E= 8.4e-713 
 0.227848  0.172152  0.584810  0.015190 
 0.000000  0.000000  0.000000  1.000000 
 0.000000  0.000000  0.002532  0.997468 
 0.483544  0.000000  0.511392  0.005063 
 0.000000  0.865823  0.000000  0.134177 
 0.939241  0.005063  0.055696  0.000000 
 0.000000  0.131646  0.000000  0.868354 
 0.989873  0.010127  0.000000  0.000000 
 1.000000  0.000000  0.000000  0.000000 
 0.020253  0.602532  0.197468  0.179747 
 0.329114  0.318987  0.129114  0.222785 


MOTIF TEF-FLAG_Preferred_ENCFF019SUK_motif_3 MOTIF-3
letter-probability matrix: alength= 4 w= 8 nsites= 65 E= 2.4e-020 
 0.000000  0.000000  0.000000  1.000000 
 0.000000  0.000000  0.000000  1.000000 
 0.400000  0.000000  0.600000  0.000000 
 0.000000  0.000000  0.000000  1.000000 
 0.000000  0.000000  1.000000  0.000000 
 0.184615  0.369231  0.000000  0.446154 
 1.000000  0.000000  0.000000  0.000000 
 1.000000  0.000000  0.000000  0.000000 


