MEME version 4

ALPHABET= ACGT

strands: + -

Background letter frequencies
A 0.25 C 0.25 G 0.25 T 0.25



MOTIF TFAP4_Non-preferred_ENCFF129CAQ_motif_1 MOTIF-1
letter-probability matrix: alength= 4 w= 14 nsites= 457 E= 3.7e-620 
 0.192560  0.380744  0.258206  0.168490 
 0.177243  0.269147  0.240700  0.312910 
 0.161926  0.273523  0.354486  0.210066 
 0.229759  0.249453  0.271335  0.249453 
 0.350109  0.155361  0.389497  0.105033 
 0.439825  0.374179  0.159737  0.026258 
 0.354486  0.188184  0.045952  0.411379 
 0.000000  1.000000  0.000000  0.000000 
 1.000000  0.000000  0.000000  0.000000 
 0.000000  0.000000  1.000000  0.000000 
 0.017505  0.973742  0.008753  0.000000 
 0.015317  0.000000  0.000000  0.984683 
 0.000000  0.000000  1.000000  0.000000 
 0.210066  0.089716  0.501094  0.199125 


