MEME version 4

ALPHABET= ACGT

strands: + -

Background letter frequencies
A 0.25 C 0.25 G 0.25 T 0.25



MOTIF TFDP1-FLAG_Preferred_ENCFF260VQA_motif_1 MOTIF-1
letter-probability matrix: alength= 4 w= 15 nsites= 484 E= 7.8e-379 
 0.196281  0.268595  0.444215  0.090909 
 0.204545  0.311983  0.382231  0.101240 
 0.229339  0.233471  0.421488  0.115702 
 0.194215  0.299587  0.402893  0.103306 
 0.241736  0.179752  0.404959  0.173554 
 0.171488  0.146694  0.456612  0.225207 
 0.084711  0.254132  0.661157  0.000000 
 0.000000  0.024793  0.975207  0.000000 
 0.051653  0.940083  0.000000  0.008264 
 0.004132  0.000000  0.979339  0.016529 
 0.000000  0.128099  0.869835  0.002066 
 0.018595  0.068182  0.913223  0.000000 
 0.634298  0.154959  0.190083  0.020661 
 0.495868  0.169421  0.318182  0.016529 
 0.388430  0.190083  0.334711  0.086777 


