MEME version 4

ALPHABET= ACGT

strands: + -

Background letter frequencies
A 0.25 C 0.25 G 0.25 T 0.25



MOTIF TGIF2-FLAG_Preferred_ENCFF584UVU_motif_1 MOTIF-1
letter-probability matrix: alength= 4 w= 21 nsites= 65 E= 4.9e-220 
 0.184615  0.015385  0.600000  0.200000 
 0.046154  0.153846  0.630769  0.169231 
 0.184615  0.584615  0.061538  0.169231 
 0.076923  0.123077  0.707692  0.092308 
 0.000000  0.969231  0.000000  0.030769 
 0.030769  0.015385  0.000000  0.953846 
 0.061538  0.092308  0.846154  0.000000 
 0.015385  0.000000  0.107692  0.876923 
 0.000000  0.938462  0.015385  0.046154 
 0.000000  0.984615  0.000000  0.015385 
 0.476923  0.092308  0.323077  0.107692 
 0.138462  0.153846  0.076923  0.630769 
 0.046154  0.015385  0.938462  0.000000 
 0.000000  0.000000  0.984615  0.015385 
 0.015385  0.000000  0.015385  0.969231 
 0.030769  0.030769  0.861538  0.076923 
 0.000000  0.953846  0.015385  0.030769 
 0.000000  0.030769  0.000000  0.969231 
 0.030769  0.000000  0.953846  0.015385 
 0.800000  0.076923  0.092308  0.030769 
 0.676923  0.200000  0.030769  0.092308 


MOTIF TGIF2-FLAG_Preferred_ENCFF584UVU_motif_2 MOTIF-2
letter-probability matrix: alength= 4 w= 8 nsites= 287 E= 1.7e-125 
 0.000000  0.000000  0.209059  0.790941 
 0.000000  0.000000  1.000000  0.000000 
 0.867596  0.000000  0.000000  0.132404 
 0.000000  1.000000  0.000000  0.000000 
 1.000000  0.000000  0.000000  0.000000 
 0.000000  0.000000  1.000000  0.000000 
 0.128920  0.466899  0.226481  0.177700 
 0.160279  0.236934  0.163763  0.439024 


