MEME version 4

ALPHABET= ACGT

strands: + -

Background letter frequencies
A 0.25 C 0.25 G 0.25 T 0.25



MOTIF THRB-FLAG_Preferred_ENCFF013IAW_motif_1 MOTIF-1
letter-probability matrix: alength= 4 w= 15 nsites= 406 E= 8.6e-491 
 0.064039  0.103448  0.041872  0.790640 
 0.061576  0.115764  0.775862  0.046798 
 0.431034  0.064039  0.142857  0.362069 
 0.014778  0.985222  0.000000  0.000000 
 0.002463  0.997537  0.000000  0.000000 
 0.000000  0.236453  0.004926  0.758621 
 0.064039  0.443350  0.238916  0.253695 
 0.578818  0.066502  0.302956  0.051724 
 0.211823  0.182266  0.438424  0.167488 
 0.280788  0.211823  0.322660  0.184729 
 0.068966  0.081281  0.056650  0.793103 
 0.135468  0.147783  0.697044  0.019704 
 0.674877  0.197044  0.118227  0.009852 
 0.133005  0.795567  0.000000  0.071429 
 0.046798  0.884236  0.000000  0.068966 


