MEME version 4

ALPHABET= ACGT

strands: + -

Background letter frequencies
A 0.25 C 0.25 G 0.25 T 0.25



MOTIF TOE1_Non-preferred_ENCFF729YSB_motif_1 MOTIF-1
letter-probability matrix: alength= 4 w= 11 nsites= 493 E= 4.8e-1341 
 0.279919  0.054767  0.569980  0.095335 
 0.182556  0.000000  0.817444  0.000000 
 0.000000  0.000000  0.000000  1.000000 
 0.000000  1.000000  0.000000  0.000000 
 0.997972  0.002028  0.000000  0.000000 
 0.000000  0.831643  0.002028  0.166329 
 0.006085  0.002028  0.991886  0.000000 
 0.000000  0.002028  0.000000  0.997972 
 0.000000  0.000000  1.000000  0.000000 
 0.866126  0.026369  0.085193  0.022312 
 0.000000  0.529412  0.060852  0.409736 


MOTIF TOE1_Non-preferred_ENCFF729YSB_motif_4 MOTIF-4
letter-probability matrix: alength= 4 w= 8 nsites= 69 E= 1.5e-026 
 0.000000  1.000000  0.000000  0.000000 
 1.000000  0.000000  0.000000  0.000000 
 0.000000  0.797101  0.000000  0.202899 
 0.000000  0.057971  0.942029  0.000000 
 0.000000  0.000000  0.000000  1.000000 
 0.000000  0.000000  1.000000  0.000000 
 1.000000  0.000000  0.000000  0.000000 
 0.000000  0.739130  0.057971  0.202899 


