MEME version 4

ALPHABET= ACGT

strands: + -

Background letter frequencies
A 0.25 C 0.25 G 0.25 T 0.25



MOTIF TP53-FLAG_Preferred_ENCFF701DTE_motif_1 MOTIF-1
letter-probability matrix: alength= 4 w= 19 nsites= 313 E= 1.8e-1027 
 0.162939  0.025559  0.709265  0.102236 
 0.543131  0.009585  0.412141  0.035144 
 0.000000  0.948882  0.009585  0.041534 
 0.654952  0.063898  0.025559  0.255591 
 0.185304  0.003195  0.009585  0.801917 
 0.000000  0.000000  1.000000  0.000000 
 0.022364  0.677316  0.006390  0.293930 
 0.060703  0.792332  0.025559  0.121406 
 0.012780  0.884984  0.031949  0.070288 
 0.725240  0.102236  0.076677  0.095847 
 0.175719  0.006390  0.805112  0.012780 
 0.607029  0.003195  0.373802  0.015974 
 0.000000  0.993610  0.006390  0.000000 
 0.814696  0.031949  0.019169  0.134185 
 0.178914  0.028754  0.009585  0.782748 
 0.038339  0.015974  0.945687  0.000000 
 0.047923  0.507987  0.038339  0.405751 
 0.076677  0.718850  0.022364  0.182109 
 0.063898  0.559105  0.076677  0.300319 


