MEME version 4

ALPHABET= ACGT

strands: + -

Background letter frequencies
A 0.25 C 0.25 G 0.25 T 0.25



MOTIF TSC22D2-FLAG_Non-preferred_Local_motif_4 MOTIF-4
letter-probability matrix: alength= 4 w= 11 nsites= 42 E= 9.9e-025 
 0.071429  0.428571  0.023810  0.476190 
 0.000000  0.023810  0.976190  0.000000 
 0.000000  0.000000  0.976190  0.023810 
 0.833333  0.095238  0.071429  0.000000 
 0.000000  0.976190  0.023810  0.000000 
 0.928571  0.000000  0.071429  0.000000 
 0.000000  0.000000  1.000000  0.000000 
 0.000000  1.000000  0.000000  0.000000 
 0.023810  0.000000  0.380952  0.595238 
 0.000000  0.904762  0.095238  0.000000 
 0.047619  0.833333  0.000000  0.119048 


MOTIF TSC22D2-FLAG_Non-preferred_Local_motif_5 MOTIF-5
letter-probability matrix: alength= 4 w= 15 nsites= 30 E= 9.6e-018 
 0.100000  0.300000  0.533333  0.066667 
 0.000000  0.533333  0.266667  0.200000 
 0.200000  0.533333  0.100000  0.166667 
 0.033333  0.533333  0.233333  0.200000 
 0.033333  0.366667  0.600000  0.000000 
 0.233333  0.233333  0.133333  0.400000 
 0.100000  0.000000  0.900000  0.000000 
 0.000000  0.000000  1.000000  0.000000 
 0.000000  0.000000  0.000000  1.000000 
 0.033333  0.033333  0.900000  0.033333 
 0.000000  1.000000  0.000000  0.000000 
 0.000000  0.000000  0.000000  1.000000 
 0.000000  0.000000  1.000000  0.000000 
 0.966667  0.000000  0.000000  0.033333 
 0.800000  0.166667  0.033333  0.000000 


