MEME version 4

ALPHABET= ACGT

strands: + -

Background letter frequencies
A 0.25 C 0.25 G 0.25 T 0.25



MOTIF TSC22D2-FLAG_Preferred_ENCFF640ZVQ_motif_3 MOTIF-3
letter-probability matrix: alength= 4 w= 11 nsites= 73 E= 4.6e-054 
 0.123288  0.000000  0.849315  0.027397 
 0.000000  0.164384  0.835616  0.000000 
 0.493151  0.369863  0.000000  0.136986 
 0.000000  0.041096  0.958904  0.000000 
 0.000000  1.000000  0.000000  0.000000 
 0.000000  0.027397  0.000000  0.972603 
 0.013699  0.068493  0.890411  0.027397 
 0.000000  0.068493  0.054795  0.876712 
 0.013699  0.958904  0.000000  0.027397 
 0.000000  0.986301  0.013699  0.000000 
 0.479452  0.041096  0.356164  0.123288 


MOTIF TSC22D2-FLAG_Preferred_ENCFF640ZVQ_motif_4 MOTIF-4
letter-probability matrix: alength= 4 w= 15 nsites= 42 E= 5.7e-028 
 0.095238  0.000000  0.119048  0.785714 
 0.000000  0.071429  0.000000  0.928571 
 0.000000  1.000000  0.000000  0.000000 
 1.000000  0.000000  0.000000  0.000000 
 0.000000  0.000000  1.000000  0.000000 
 0.000000  0.857143  0.071429  0.071429 
 1.000000  0.000000  0.000000  0.000000 
 0.000000  1.000000  0.000000  0.000000 
 0.000000  0.857143  0.000000  0.142857 
 0.452381  0.166667  0.238095  0.142857 
 0.095238  0.500000  0.309524  0.095238 
 0.190476  0.238095  0.547619  0.023810 
 0.166667  0.119048  0.523810  0.190476 
 0.285714  0.166667  0.476190  0.071429 
 0.047619  0.595238  0.285714  0.071429 


