MEME version 4

ALPHABET= ACGT

strands: + -

Background letter frequencies
A 0.25 C 0.25 G 0.25 T 0.25



MOTIF ZCCHC11-FLAG_Preferred_ENCFF748PEB_motif_2 MOTIF-2
letter-probability matrix: alength= 4 w= 15 nsites= 269 E= 1.1e-087 
 0.000000  0.851301  0.130112  0.018587 
 0.635688  0.111524  0.115242  0.137546 
 0.000000  0.003717  0.996283  0.000000 
 0.055762  0.639405  0.301115  0.003717 
 0.423792  0.066914  0.408922  0.100372 
 0.000000  0.576208  0.423792  0.000000 
 0.000000  0.635688  0.334572  0.029740 
 0.223048  0.345725  0.226766  0.204461 
 0.152416  0.111524  0.583643  0.152416 
 0.055762  0.189591  0.754647  0.000000 
 0.078067  0.334572  0.587361  0.000000 
 0.438662  0.223048  0.330855  0.007435 
 0.063197  0.420074  0.490706  0.026022 
 0.368030  0.200743  0.431227  0.000000 
 0.007435  0.256506  0.736059  0.000000 


