MEME version 4

ALPHABET= ACGT

strands: + -

Background letter frequencies
A 0.25 C 0.25 G 0.25 T 0.25



MOTIF U2AF2_Preferred_ENCFF419PQH_motif_1 MOTIF-1
letter-probability matrix: alength= 4 w= 15 nsites= 232 E= 1.8e-548 
 0.090517  0.004310  0.883621  0.021552 
 0.004310  0.125000  0.081897  0.788793 
 0.068966  0.482759  0.017241  0.431034 
 0.017241  0.189655  0.741379  0.051724 
 0.000000  0.905172  0.000000  0.094828 
 0.000000  0.935345  0.004310  0.060345 
 0.668103  0.172414  0.047414  0.112069 
 0.060345  0.137931  0.047414  0.754310 
 0.232759  0.000000  0.767241  0.000000 
 0.094828  0.008621  0.896552  0.000000 
 0.000000  0.931034  0.038793  0.030172 
 0.909483  0.012931  0.064655  0.012931 
 0.995690  0.000000  0.000000  0.004310 
 0.000000  0.978448  0.000000  0.021552 
 0.146552  0.478448  0.327586  0.047414 


