MEME version 4

ALPHABET= ACGT

strands: + -

Background letter frequencies
A 0.25 C 0.25 G 0.25 T 0.25



MOTIF USF1-FLAG_Preferred_ENCFF048LKP_motif_1 MOTIF-1
letter-probability matrix: alength= 4 w= 15 nsites= 432 E= 2.7e-890 
 0.078704  0.458333  0.319444  0.143519 
 0.106481  0.430556  0.335648  0.127315 
 0.090278  0.398148  0.356481  0.155093 
 0.092593  0.375000  0.428241  0.104167 
 0.219907  0.282407  0.439815  0.057870 
 0.046296  0.432870  0.157407  0.363426 
 0.000000  0.997685  0.002315  0.000000 
 0.981481  0.004630  0.009259  0.004630 
 0.000000  0.888889  0.004630  0.106481 
 0.006944  0.013889  0.979167  0.000000 
 0.000000  0.000000  0.000000  1.000000 
 0.000000  0.000000  1.000000  0.000000 
 0.909722  0.039352  0.032407  0.018519 
 0.002315  0.851852  0.030093  0.115741 
 0.081019  0.553241  0.185185  0.180556 


