MEME version 4

ALPHABET= ACGT

strands: + -

Background letter frequencies
A 0.25 C 0.25 G 0.25 T 0.25



MOTIF USF1_Non-preferred_ENCFF251RJB_motif_1 MOTIF-1
letter-probability matrix: alength= 4 w= 15 nsites= 499 E= 2.8e-1131 
 0.042084  0.332665  0.565130  0.060120 
 0.188377  0.260521  0.501002  0.050100 
 0.056112  0.440882  0.130261  0.372745 
 0.000000  1.000000  0.000000  0.000000 
 0.993988  0.000000  0.002004  0.004008 
 0.000000  0.853707  0.004008  0.142285 
 0.022044  0.000000  0.977956  0.000000 
 0.000000  0.000000  0.004008  0.995992 
 0.000000  0.000000  1.000000  0.000000 
 0.901804  0.030060  0.058116  0.010020 
 0.000000  0.853707  0.016032  0.130261 
 0.110220  0.478958  0.172345  0.238477 
 0.154309  0.394790  0.300601  0.150301 
 0.158317  0.308617  0.422846  0.110220 
 0.186373  0.336673  0.352705  0.124248 


MOTIF USF1_Non-preferred_ENCFF251RJB_motif_4 MOTIF-4
letter-probability matrix: alength= 4 w= 21 nsites= 75 E= 3.3e-077 
 0.040000  0.440000  0.200000  0.320000 
 0.013333  0.226667  0.160000  0.600000 
 0.253333  0.053333  0.693333  0.000000 
 0.266667  0.026667  0.693333  0.013333 
 0.000000  1.000000  0.000000  0.000000 
 0.000000  1.000000  0.000000  0.000000 
 1.000000  0.000000  0.000000  0.000000 
 0.986667  0.000000  0.000000  0.013333 
 0.013333  0.000000  0.000000  0.986667 
 0.106667  0.266667  0.613333  0.013333 
 0.440000  0.053333  0.506667  0.000000 
 0.120000  0.146667  0.733333  0.000000 
 0.613333  0.080000  0.240000  0.066667 
 0.240000  0.093333  0.320000  0.346667 
 0.146667  0.133333  0.653333  0.066667 
 0.280000  0.306667  0.133333  0.280000 
 0.266667  0.333333  0.333333  0.066667 
 0.466667  0.106667  0.226667  0.200000 
 0.146667  0.173333  0.640000  0.040000 
 0.146667  0.360000  0.320000  0.173333 
 0.480000  0.146667  0.293333  0.080000 


MOTIF USF1_Non-preferred_ENCFF251RJB_motif_5 MOTIF-5
letter-probability matrix: alength= 4 w= 11 nsites= 85 E= 1.1e-040 
 0.317647  0.000000  0.623529  0.058824 
 0.094118  0.188235  0.000000  0.717647 
 0.000000  1.000000  0.000000  0.000000 
 1.000000  0.000000  0.000000  0.000000 
 0.000000  0.682353  0.141176  0.176471 
 0.058824  0.105882  0.835294  0.000000 
 0.000000  0.000000  0.000000  1.000000 
 0.000000  0.000000  1.000000  0.000000 
 0.752941  0.129412  0.117647  0.000000 
 0.011765  0.635294  0.282353  0.070588 
 0.000000  0.682353  0.258824  0.058824 


