MEME version 4

ALPHABET= ACGT

strands: + -

Background letter frequencies
A 0.25 C 0.25 G 0.25 T 0.25



MOTIF USF2-FLAG_Non-preferred_ENCFF759SUT_motif_1 MOTIF-1
letter-probability matrix: alength= 4 w= 15 nsites= 423 E= 7.9e-784 
 0.217494  0.134752  0.534279  0.113475 
 0.134752  0.028369  0.836879  0.000000 
 0.009456  0.075650  0.030733  0.884161 
 0.000000  1.000000  0.000000  0.000000 
 1.000000  0.000000  0.000000  0.000000 
 0.000000  0.936170  0.021277  0.042553 
 0.113475  0.000000  0.886525  0.000000 
 0.011820  0.011820  0.000000  0.976359 
 0.000000  0.002364  0.997636  0.000000 
 0.349882  0.153664  0.423168  0.073286 
 0.054374  0.404255  0.283688  0.257683 
 0.104019  0.390071  0.378251  0.127660 
 0.215130  0.364066  0.297872  0.122931 
 0.139480  0.304965  0.427896  0.127660 
 0.165485  0.288416  0.449173  0.096927 


