MEME version 4

ALPHABET= ACGT

strands: + -

Background letter frequencies
A 0.25 C 0.25 G 0.25 T 0.25



MOTIF USF2_Preferred_ENCFF146UBH_motif_1 MOTIF-1
letter-probability matrix: alength= 4 w= 20 nsites= 497 E= 1.9e-1142 
 0.203219  0.134809  0.561368  0.100604 
 0.148893  0.026157  0.824950  0.000000 
 0.024145  0.028169  0.068410  0.879276 
 0.000000  1.000000  0.000000  0.000000 
 0.997988  0.002012  0.000000  0.000000 
 0.000000  0.941650  0.014085  0.044266 
 0.072435  0.000000  0.927565  0.000000 
 0.006036  0.006036  0.000000  0.987928 
 0.000000  0.000000  1.000000  0.000000 
 0.488934  0.098592  0.356137  0.056338 
 0.050302  0.498994  0.237425  0.213280 
 0.126761  0.396378  0.406439  0.070423 
 0.211268  0.366197  0.315895  0.106640 
 0.156942  0.295775  0.422535  0.124748 
 0.185111  0.261569  0.416499  0.136821 
 0.152918  0.297787  0.388330  0.160966 
 0.142857  0.392354  0.283702  0.181087 
 0.108652  0.295775  0.374245  0.221328 
 0.173038  0.265594  0.366197  0.195171 
 0.146881  0.293763  0.430584  0.128773 


MOTIF USF2_Preferred_ENCFF146UBH_motif_2 MOTIF-2
letter-probability matrix: alength= 4 w= 11 nsites= 171 E= 3.8e-085 
 0.356725  0.181287  0.356725  0.105263 
 0.081871  0.397661  0.105263  0.415205 
 0.005848  0.994152  0.000000  0.000000 
 0.947368  0.035088  0.017544  0.000000 
 0.000000  0.637427  0.093567  0.269006 
 0.005848  0.122807  0.871345  0.000000 
 0.000000  0.000000  0.000000  1.000000 
 0.000000  0.000000  1.000000  0.000000 
 0.859649  0.099415  0.040936  0.000000 
 0.000000  0.678363  0.157895  0.163743 
 0.128655  0.555556  0.134503  0.181287 


