MEME version 4

ALPHABET= ACGT

strands: + -

Background letter frequencies
A 0.25 C 0.25 G 0.25 T 0.25



MOTIF WIZ-FLAG_Preferred_ENCFF720IGS_motif_1 MOTIF-1
letter-probability matrix: alength= 4 w= 25 nsites= 191 E= 5.5e-965 
 0.130890  0.109948  0.492147  0.267016 
 0.125654  0.020942  0.727749  0.125654 
 0.057592  0.157068  0.691099  0.094241 
 0.314136  0.518325  0.015707  0.151832 
 0.099476  0.047120  0.774869  0.078534 
 0.000000  0.984293  0.005236  0.010471 
 0.000000  0.000000  0.000000  1.000000 
 0.036649  0.078534  0.884817  0.000000 
 0.031414  0.000000  0.036649  0.931937 
 0.000000  0.984293  0.000000  0.015707 
 0.000000  0.989529  0.000000  0.010471 
 0.465969  0.068063  0.361257  0.104712 
 0.178010  0.162304  0.094241  0.565445 
 0.015707  0.005236  0.973822  0.005236 
 0.000000  0.000000  1.000000  0.000000 
 0.010471  0.005236  0.000000  0.984293 
 0.047120  0.094241  0.785340  0.073298 
 0.000000  0.979058  0.005236  0.015707 
 0.000000  0.020942  0.000000  0.979058 
 0.031414  0.005236  0.958115  0.005236 
 0.821990  0.052356  0.115183  0.010471 
 0.659686  0.188482  0.068063  0.083770 
 0.319372  0.246073  0.272251  0.162304 
 0.151832  0.345550  0.287958  0.214660 
 0.188482  0.382199  0.308901  0.120419 


MOTIF WIZ-FLAG_Preferred_ENCFF720IGS_motif_2 MOTIF-2
letter-probability matrix: alength= 4 w= 21 nsites= 217 E= 9.0e-113 
 0.046083  0.391705  0.414747  0.147465 
 0.050691  0.755760  0.188940  0.004608 
 0.451613  0.299539  0.165899  0.082949 
 0.059908  0.082949  0.857143  0.000000 
 0.069124  0.603687  0.327189  0.000000 
 0.465438  0.129032  0.350230  0.055300 
 0.092166  0.488479  0.373272  0.046083 
 0.009217  0.603687  0.331797  0.055300 
 0.299539  0.317972  0.290323  0.092166 
 0.046083  0.202765  0.557604  0.193548 
 0.046083  0.184332  0.769585  0.000000 
 0.018433  0.308756  0.672811  0.000000 
 0.373272  0.281106  0.304147  0.041475 
 0.000000  0.691244  0.299539  0.009217 
 0.539171  0.105991  0.308756  0.046083 
 0.000000  0.078341  0.912442  0.009217 
 0.069124  0.585253  0.322581  0.023041 
 0.235023  0.110599  0.465438  0.188940 
 0.087558  0.483871  0.419355  0.009217 
 0.009217  0.622120  0.262673  0.105991 
 0.198157  0.414747  0.290323  0.096774 


MOTIF WIZ-FLAG_Preferred_ENCFF720IGS_motif_3 MOTIF-3
letter-probability matrix: alength= 4 w= 11 nsites= 42 E= 1.0e-025 
 0.047619  0.000000  0.880952  0.071429 
 0.023810  0.095238  0.857143  0.023810 
 0.666667  0.285714  0.000000  0.047619 
 0.071429  0.000000  0.928571  0.000000 
 0.000000  1.000000  0.000000  0.000000 
 0.000000  0.000000  0.000000  1.000000 
 0.000000  0.071429  0.928571  0.000000 
 0.000000  0.000000  0.000000  1.000000 
 0.000000  0.928571  0.000000  0.071429 
 0.000000  0.976190  0.023810  0.000000 
 0.523810  0.095238  0.285714  0.095238 


MOTIF WIZ-FLAG_Preferred_ENCFF720IGS_motif_4 MOTIF-4
letter-probability matrix: alength= 4 w= 10 nsites= 29 E= 2.5e-013 
 0.103448  0.241379  0.137931  0.517241 
 0.000000  0.000000  0.068966  0.931034 
 0.000000  0.000000  0.000000  1.000000 
 0.000000  0.965517  0.034483  0.000000 
 1.000000  0.000000  0.000000  0.000000 
 0.000000  0.000000  1.000000  0.000000 
 0.034483  0.965517  0.000000  0.000000 
 1.000000  0.000000  0.000000  0.000000 
 0.000000  1.000000  0.000000  0.000000 
 0.000000  0.793103  0.000000  0.206897 


