MEME version 4

ALPHABET= ACGT

strands: + -

Background letter frequencies
A 0.25 C 0.25 G 0.25 T 0.25



MOTIF XBP1-FLAG_Preferred_ENCFF144DWU_motif_1 MOTIF-1
letter-probability matrix: alength= 4 w= 19 nsites= 100 E= 2.4e-393 
 0.030000  0.930000  0.000000  0.040000 
 0.990000  0.000000  0.010000  0.000000 
 0.010000  0.000000  0.990000  0.000000 
 0.050000  0.810000  0.110000  0.030000 
 0.980000  0.000000  0.010000  0.010000 
 0.000000  1.000000  0.000000  0.000000 
 0.010000  0.940000  0.010000  0.040000 
 0.530000  0.070000  0.220000  0.180000 
 0.060000  0.360000  0.090000  0.490000 
 0.010000  0.000000  0.990000  0.000000 
 0.000000  0.010000  0.990000  0.000000 
 0.940000  0.050000  0.000000  0.010000 
 0.000000  0.850000  0.130000  0.020000 
 0.990000  0.000000  0.010000  0.000000 
 0.010000  0.000000  0.990000  0.000000 
 0.070000  0.800000  0.070000  0.060000 
 0.170000  0.010000  0.570000  0.250000 
 0.080000  0.730000  0.150000  0.040000 
 0.110000  0.690000  0.030000  0.170000 


MOTIF XBP1-FLAG_Preferred_ENCFF144DWU_motif_3 MOTIF-3
letter-probability matrix: alength= 4 w= 11 nsites= 101 E= 5.2e-058 
 0.118812  0.029703  0.792079  0.059406 
 0.168317  0.465347  0.326733  0.039604 
 0.178218  0.168317  0.079208  0.574257 
 0.069307  0.257426  0.594059  0.079208 
 0.990099  0.000000  0.000000  0.009901 
 0.000000  0.990099  0.000000  0.009901 
 0.000000  0.019802  0.980198  0.000000 
 0.000000  0.009901  0.000000  0.990099 
 0.000000  0.000000  1.000000  0.000000 
 0.000000  0.000000  0.712871  0.287129 
 0.069307  0.841584  0.089109  0.000000 


