MEME version 4

ALPHABET= ACGT

strands: + -

Background letter frequencies
A 0.25 C 0.25 G 0.25 T 0.25



MOTIF ZBED5-FLAG_Preferred_ENCFF733WWA_motif_1 MOTIF-1
letter-probability matrix: alength= 4 w= 21 nsites= 217 E= 5.5e-704 
 0.115207  0.023041  0.801843  0.059908 
 0.156682  0.082949  0.732719  0.027650 
 0.622120  0.165899  0.142857  0.069124 
 0.502304  0.341014  0.092166  0.064516 
 0.119816  0.806452  0.004608  0.069124 
 0.460829  0.400922  0.069124  0.069124 
 0.059908  0.764977  0.046083  0.129032 
 0.811060  0.059908  0.069124  0.059908 
 0.013825  0.456221  0.529954  0.000000 
 0.050691  0.023041  0.009217  0.917051 
 0.004608  0.064516  0.018433  0.912442 
 0.009217  0.027650  0.009217  0.953917 
 0.004608  0.004608  0.990783  0.000000 
 0.663594  0.023041  0.313364  0.000000 
 0.082949  0.046083  0.870968  0.000000 
 0.930876  0.000000  0.064516  0.004608 
 0.986175  0.004608  0.009217  0.000000 
 0.276498  0.599078  0.064516  0.059908 
 0.059908  0.741935  0.050691  0.147465 
 0.548387  0.161290  0.248848  0.041475 
 0.087558  0.608295  0.147465  0.156682 


MOTIF ZBED5-FLAG_Preferred_ENCFF733WWA_motif_2 MOTIF-2
letter-probability matrix: alength= 4 w= 15 nsites= 358 E= 5.9e-231 
 0.142458  0.469274  0.240223  0.148045 
 0.195531  0.270950  0.245810  0.287709 
 0.131285  0.388268  0.377095  0.103352 
 0.134078  0.391061  0.178771  0.296089 
 0.106145  0.553073  0.201117  0.139665 
 0.173184  0.469274  0.170391  0.187151 
 0.365922  0.075419  0.446927  0.111732 
 0.061453  0.078212  0.717877  0.142458 
 0.000000  0.002793  0.963687  0.033520 
 0.000000  0.000000  1.000000  0.000000 
 0.047486  0.000000  0.000000  0.952514 
 0.022346  0.055866  0.399441  0.522346 
 0.000000  0.997207  0.002793  0.000000 
 0.000000  0.712291  0.000000  0.287709 
 0.145251  0.117318  0.567039  0.170391 


