MEME version 4

ALPHABET= ACGT

strands: + -

Background letter frequencies
A 0.25 C 0.25 G 0.25 T 0.25



MOTIF ZBTB7A_Preferred_ENCFF771MKA_motif_1 MOTIF-1
letter-probability matrix: alength= 4 w= 15 nsites= 497 E= 3.2e-552 
 0.038229  0.633803  0.241449  0.086519 
 0.082495  0.633803  0.140845  0.142857 
 0.112676  0.490946  0.263581  0.132797 
 0.140845  0.484909  0.321932  0.052314 
 0.386318  0.358149  0.156942  0.098592 
 0.040241  0.032193  0.911469  0.016097 
 0.468813  0.494970  0.036217  0.000000 
 0.000000  0.991952  0.006036  0.002012 
 0.000000  0.995976  0.004024  0.000000 
 0.052314  0.947686  0.000000  0.000000 
 0.002012  0.750503  0.004024  0.243461 
 0.112676  0.319920  0.171026  0.396378 
 0.118712  0.396378  0.372233  0.112676 
 0.066398  0.599598  0.237425  0.096579 
 0.080483  0.615694  0.191147  0.112676 


