MEME version 4

ALPHABET= ACGT

strands: + -

Background letter frequencies
A 0.25 C 0.25 G 0.25 T 0.25



MOTIF ZBTB33_Non-preferred_ENCFF798PND_motif_1 MOTIF-1
letter-probability matrix: alength= 4 w= 21 nsites= 465 E= 5.6e-970 
 0.180645  0.329032  0.210753  0.279570 
 0.021505  0.156989  0.045161  0.776344 
 0.116129  0.847312  0.021505  0.015054 
 0.021505  0.101075  0.043011  0.834409 
 0.000000  1.000000  0.000000  0.000000 
 0.023656  0.000000  0.976344  0.000000 
 0.000000  1.000000  0.000000  0.000000 
 0.000000  0.000000  1.000000  0.000000 
 0.767742  0.055914  0.133333  0.043011 
 0.008602  0.068817  0.711828  0.210753 
 0.698925  0.062366  0.169892  0.068817 
 0.169892  0.322581  0.215054  0.292473 
 0.023656  0.402151  0.086022  0.488172 
 0.103226  0.225806  0.195699  0.475269 
 0.055914  0.391398  0.438710  0.113978 
 0.159140  0.335484  0.415054  0.090323 
 0.141935  0.305376  0.434409  0.118280 
 0.156989  0.333333  0.346237  0.163441 
 0.090323  0.346237  0.391398  0.172043 
 0.154839  0.309677  0.350538  0.184946 
 0.139785  0.363441  0.348387  0.148387 


MOTIF ZBTB33_Non-preferred_ENCFF798PND_motif_5 MOTIF-5
letter-probability matrix: alength= 4 w= 8 nsites= 55 E= 1.5e-008 
 0.000000  0.000000  0.000000  1.000000 
 0.000000  1.000000  0.000000  0.000000 
 0.000000  0.218182  0.000000  0.781818 
 0.000000  1.000000  0.000000  0.000000 
 0.000000  0.000000  1.000000  0.000000 
 0.000000  1.000000  0.000000  0.000000 
 0.000000  0.000000  1.000000  0.000000 
 0.490909  0.145455  0.363636  0.000000 


