MEME version 4

ALPHABET= ACGT

strands: + -

Background letter frequencies
A 0.25 C 0.25 G 0.25 T 0.25



MOTIF ZBTB40_Preferred_ENCFF195FFN_motif_1 MOTIF-1
letter-probability matrix: alength= 4 w= 15 nsites= 212 E= 2.5e-606 
 0.891509  0.033019  0.051887  0.023585 
 0.886792  0.066038  0.023585  0.023585 
 1.000000  0.000000  0.000000  0.000000 
 0.886792  0.000000  0.108491  0.004717 
 0.000000  0.985849  0.000000  0.014151 
 0.000000  0.235849  0.000000  0.764151 
 0.000000  0.000000  0.245283  0.754717 
 0.000000  0.235849  0.000000  0.764151 
 0.995283  0.000000  0.004717  0.000000 
 0.245283  0.009434  0.000000  0.745283 
 0.023585  0.028302  0.014151  0.933962 
 0.075472  0.028302  0.245283  0.650943 
 0.792453  0.009434  0.165094  0.033019 
 0.084906  0.698113  0.042453  0.174528 
 0.641509  0.037736  0.023585  0.297170 


