MEME version 4

ALPHABET= ACGT

strands: + -

Background letter frequencies
A 0.25 C 0.25 G 0.25 T 0.25



MOTIF ZBTB33_Preferred_ENCFF037RRM_motif_1 MOTIF-1
letter-probability matrix: alength= 4 w= 15 nsites= 432 E= 3.3e-881 
 0.016204  0.087963  0.041667  0.854167 
 0.101852  0.858796  0.023148  0.016204 
 0.020833  0.090278  0.030093  0.858796 
 0.000000  1.000000  0.000000  0.000000 
 0.020833  0.004630  0.974537  0.000000 
 0.000000  0.993056  0.000000  0.006944 
 0.000000  0.000000  1.000000  0.000000 
 0.770833  0.060185  0.138889  0.030093 
 0.004630  0.062500  0.701389  0.231481 
 0.703704  0.055556  0.171296  0.069444 
 0.164352  0.273148  0.243056  0.319444 
 0.002315  0.412037  0.083333  0.502315 
 0.078704  0.199074  0.136574  0.585648 
 0.071759  0.361111  0.472222  0.094907 
 0.182870  0.321759  0.391204  0.104167 


MOTIF ZBTB33_Preferred_ENCFF037RRM_motif_4 MOTIF-4
letter-probability matrix: alength= 4 w= 7 nsites= 81 E= 2.8e-018 
 0.000000  0.000000  0.000000  1.000000 
 0.000000  1.000000  0.000000  0.000000 
 0.000000  0.308642  0.000000  0.691358 
 0.000000  1.000000  0.000000  0.000000 
 0.000000  0.000000  1.000000  0.000000 
 0.000000  1.000000  0.000000  0.000000 
 0.000000  0.000000  1.000000  0.000000 


