MEME version 4

ALPHABET= ACGT

strands: + -

Background letter frequencies
A 0.25 C 0.25 G 0.25 T 0.25



MOTIF ZBTB44-FLAG_Preferred_ENCFF173WCV_motif_5 MOTIF-5
letter-probability matrix: alength= 4 w= 15 nsites= 31 E= 6.1e-015 
 0.064516  0.612903  0.193548  0.129032 
 0.193548  0.483871  0.129032  0.193548 
 0.032258  0.387097  0.419355  0.161290 
 0.032258  0.354839  0.580645  0.032258 
 0.258065  0.225806  0.193548  0.322581 
 0.064516  0.000000  0.935484  0.000000 
 0.000000  0.064516  0.935484  0.000000 
 0.000000  0.000000  0.000000  1.000000 
 0.032258  0.064516  0.870968  0.032258 
 0.000000  1.000000  0.000000  0.000000 
 0.000000  0.000000  0.000000  1.000000 
 0.000000  0.000000  1.000000  0.000000 
 1.000000  0.000000  0.000000  0.000000 
 0.870968  0.064516  0.032258  0.032258 
 0.322581  0.354839  0.290323  0.032258 


