MEME version 4

ALPHABET= ACGT

strands: + -

Background letter frequencies
A 0.25 C 0.25 G 0.25 T 0.25



MOTIF ZBTB10-FLAG_Preferred_ENCFF095JZV_motif_1 MOTIF-1
letter-probability matrix: alength= 4 w= 15 nsites= 429 E= 1.1e-237 
 0.233100  0.337995  0.277389  0.151515 
 0.158508  0.361305  0.314685  0.165501 
 0.158508  0.461538  0.233100  0.146853 
 0.193473  0.412587  0.221445  0.172494 
 0.121212  0.431235  0.363636  0.083916 
 0.191142  0.153846  0.337995  0.317016 
 0.058275  0.044289  0.811189  0.086247 
 0.247086  0.545455  0.144522  0.062937 
 0.515152  0.146853  0.198135  0.139860 
 0.000000  0.995338  0.004662  0.000000 
 0.000000  1.000000  0.000000  0.000000 
 0.000000  0.995338  0.000000  0.004662 
 0.009324  0.974359  0.000000  0.016317 
 0.638695  0.130536  0.165501  0.065268 
 0.398601  0.174825  0.321678  0.104895 


