MEME version 4

ALPHABET= ACGT

strands: + -

Background letter frequencies
A 0.25 C 0.25 G 0.25 T 0.25



MOTIF ZFP36_Preferred_ENCFF660SCE_motif_1 MOTIF-1
letter-probability matrix: alength= 4 w= 21 nsites= 258 E= 5.6e-1273 
 0.003876  0.980620  0.003876  0.011628 
 0.000000  0.848837  0.000000  0.151163 
 0.058140  0.011628  0.085271  0.844961 
 0.007752  0.980620  0.003876  0.007752 
 0.000000  0.903101  0.007752  0.089147 
 0.058140  0.031008  0.031008  0.879845 
 0.015504  0.922481  0.023256  0.038760 
 0.023256  0.914729  0.000000  0.062016 
 0.744186  0.050388  0.162791  0.042636 
 0.069767  0.011628  0.837209  0.081395 
 0.011628  0.000000  0.988372  0.000000 
 0.705426  0.205426  0.085271  0.003876 
 0.891473  0.046512  0.031008  0.031008 
 0.000000  0.000000  1.000000  0.000000 
 0.023256  0.720930  0.093023  0.162791 
 0.015504  0.949612  0.007752  0.027132 
 0.011628  0.531008  0.015504  0.441860 
 0.042636  0.085271  0.073643  0.798450 
 0.007752  0.953488  0.007752  0.031008 
 0.054264  0.806202  0.042636  0.096899 
 0.162791  0.372093  0.193798  0.271318 


MOTIF ZFP36_Preferred_ENCFF660SCE_motif_5 MOTIF-5
letter-probability matrix: alength= 4 w= 17 nsites= 54 E= 3.1e-151 
 0.000000  1.000000  0.000000  0.000000 
 0.000000  0.000000  0.000000  1.000000 
 0.000000  0.000000  1.000000  0.000000 
 0.000000  0.000000  0.018519  0.981481 
 0.000000  0.000000  0.981481  0.018519 
 0.018519  0.055556  0.018519  0.907407 
 0.074074  0.000000  0.925926  0.000000 
 0.944444  0.000000  0.055556  0.000000 
 0.000000  0.907407  0.000000  0.092593 
 0.018519  0.685185  0.018519  0.277778 
 0.000000  0.185185  0.000000  0.814815 
 0.037037  0.185185  0.074074  0.703704 
 0.185185  0.111111  0.629630  0.074074 
 0.222222  0.018519  0.740741  0.018519 
 0.148148  0.074074  0.759259  0.018519 
 0.000000  0.944444  0.018519  0.037037 
 0.796296  0.111111  0.055556  0.037037 


