MEME version 4

ALPHABET= ACGT

strands: + -

Background letter frequencies
A 0.25 C 0.25 G 0.25 T 0.25



MOTIF ZFP36L2-FLAG_Preferred_ENCFF743BHX_motif_1 MOTIF-1
letter-probability matrix: alength= 4 w= 24 nsites= 161 E= 1.7e-795 
 0.099379  0.453416  0.267081  0.180124 
 0.161491  0.242236  0.329193  0.267081 
 0.118012  0.130435  0.503106  0.248447 
 0.155280  0.024845  0.701863  0.118012 
 0.055901  0.173913  0.670807  0.099379 
 0.242236  0.608696  0.018634  0.130435 
 0.099379  0.080745  0.745342  0.074534 
 0.000000  0.981366  0.006211  0.012422 
 0.000000  0.000000  0.000000  1.000000 
 0.018634  0.086957  0.894410  0.000000 
 0.018634  0.000000  0.062112  0.919255 
 0.000000  1.000000  0.000000  0.000000 
 0.000000  0.993789  0.000000  0.006211 
 0.490683  0.086957  0.372671  0.049689 
 0.211180  0.192547  0.068323  0.527950 
 0.018634  0.006211  0.968944  0.006211 
 0.000000  0.000000  1.000000  0.000000 
 0.012422  0.000000  0.000000  0.987578 
 0.062112  0.099379  0.788820  0.049689 
 0.000000  0.981366  0.006211  0.012422 
 0.000000  0.024845  0.000000  0.975155 
 0.031056  0.000000  0.968944  0.000000 
 0.807453  0.062112  0.118012  0.012422 
 0.645963  0.186335  0.049689  0.118012 


MOTIF ZFP36L2-FLAG_Preferred_ENCFF743BHX_motif_2 MOTIF-2
letter-probability matrix: alength= 4 w= 15 nsites= 278 E= 1.4e-097 
 0.032374  0.733813  0.226619  0.007194 
 0.712230  0.086331  0.165468  0.035971 
 0.000000  0.028777  0.971223  0.000000 
 0.035971  0.780576  0.183453  0.000000 
 0.500000  0.115108  0.294964  0.089928 
 0.000000  0.489209  0.510791  0.000000 
 0.000000  0.791367  0.165468  0.043165 
 0.212230  0.305755  0.230216  0.251799 
 0.050360  0.122302  0.658273  0.169065 
 0.061151  0.363309  0.575540  0.000000 
 0.039568  0.273381  0.687050  0.000000 
 0.377698  0.298561  0.320144  0.003597 
 0.068345  0.582734  0.323741  0.025180 
 0.330935  0.158273  0.363309  0.147482 
 0.028777  0.208633  0.762590  0.000000 


