MEME version 4

ALPHABET= ACGT

strands: + -

Background letter frequencies
A 0.25 C 0.25 G 0.25 T 0.25



MOTIF ZFP37-FLAG_Preferred_ENCFF148XUP_motif_3 MOTIF-3
letter-probability matrix: alength= 4 w= 15 nsites= 138 E= 1.9e-031 
 0.050725  0.333333  0.456522  0.159420 
 0.000000  0.268116  0.362319  0.369565 
 0.094203  0.427536  0.478261  0.000000 
 0.195652  0.471014  0.195652  0.137681 
 0.072464  0.456522  0.340580  0.130435 
 0.239130  0.268116  0.362319  0.130435 
 0.239130  0.144928  0.507246  0.108696 
 0.036232  0.608696  0.275362  0.079710 
 0.000000  1.000000  0.000000  0.000000 
 0.913043  0.057971  0.007246  0.021739 
 0.000000  0.746377  0.130435  0.123188 
 0.000000  0.000000  1.000000  0.000000 
 0.028986  0.210145  0.000000  0.760870 
 0.000000  0.000000  1.000000  0.000000 
 0.152174  0.239130  0.565217  0.043478 


