MEME version 4

ALPHABET= ACGT

strands: + -

Background letter frequencies
A 0.25 C 0.25 G 0.25 T 0.25



MOTIF ZFP64-FLAG_Preferred_ENCFF895ZWZ_motif_1 MOTIF-1
letter-probability matrix: alength= 4 w= 15 nsites= 432 E= 8.0e-844 
 0.842593  0.046296  0.106481  0.004630 
 0.097222  0.157407  0.057870  0.687500 
 0.314815  0.155093  0.456019  0.074074 
 0.000000  1.000000  0.000000  0.000000 
 0.710648  0.060185  0.011574  0.217593 
 0.002315  0.085648  0.819444  0.092593 
 0.655093  0.085648  0.224537  0.034722 
 0.009259  0.050926  0.236111  0.703704 
 0.009259  0.173611  0.081019  0.736111 
 0.043981  0.861111  0.060185  0.034722 
 0.039352  0.907407  0.004630  0.048611 
 0.136574  0.342593  0.138889  0.381944 
 0.155093  0.006944  0.777778  0.060185 
 0.027778  0.000000  0.949074  0.023148 
 0.037037  0.032407  0.879630  0.050926 


MOTIF ZFP64-FLAG_Preferred_ENCFF895ZWZ_motif_2 MOTIF-2
letter-probability matrix: alength= 4 w= 29 nsites= 55 E= 5.4e-149 
 0.109091  0.509091  0.054545  0.327273 
 0.145455  0.127273  0.290909  0.436364 
 0.218182  0.090909  0.563636  0.127273 
 0.254545  0.018182  0.636364  0.090909 
 0.218182  0.145455  0.581818  0.054545 
 0.181818  0.072727  0.545455  0.200000 
 0.163636  0.218182  0.127273  0.490909 
 0.254545  0.090909  0.490909  0.163636 
 0.127273  0.018182  0.818182  0.036364 
 0.200000  0.000000  0.745455  0.054545 
 0.090909  0.000000  0.909091  0.000000 
 0.018182  0.763636  0.163636  0.054545 
 0.000000  0.945455  0.036364  0.018182 
 0.036364  0.709091  0.018182  0.236364 
 0.472727  0.181818  0.236364  0.109091 
 0.145455  0.036364  0.727273  0.090909 
 0.145455  0.072727  0.690909  0.090909 
 0.872727  0.018182  0.109091  0.000000 
 0.800000  0.072727  0.090909  0.036364 
 0.000000  0.109091  0.036364  0.854545 
 0.054545  0.800000  0.072727  0.072727 
 0.036364  0.000000  0.072727  0.890909 
 0.000000  0.018182  0.981818  0.000000 
 0.109091  0.545455  0.000000  0.345455 
 0.745455  0.072727  0.181818  0.000000 
 0.036364  0.054545  0.018182  0.890909 
 0.054545  0.127273  0.090909  0.727273 
 0.036364  0.000000  0.018182  0.945455 
 0.072727  0.236364  0.109091  0.581818 


MOTIF ZFP64-FLAG_Preferred_ENCFF895ZWZ_motif_3 MOTIF-3
letter-probability matrix: alength= 4 w= 21 nsites= 93 E= 4.6e-051 
 0.021505  0.795699  0.032258  0.150538 
 0.000000  0.806452  0.021505  0.172043 
 0.290323  0.516129  0.021505  0.172043 
 0.419355  0.268817  0.096774  0.215054 
 0.107527  0.430108  0.118280  0.344086 
 0.043011  0.774194  0.021505  0.161290 
 0.010753  0.849462  0.032258  0.107527 
 0.000000  0.774194  0.000000  0.225806 
 0.774194  0.118280  0.096774  0.010753 
 0.129032  0.161290  0.698925  0.010753 
 0.655914  0.064516  0.225806  0.053763 
 0.086022  0.354839  0.440860  0.118280 
 0.365591  0.473118  0.086022  0.075269 
 0.010753  0.204301  0.032258  0.752688 
 0.225806  0.043011  0.161290  0.569892 
 0.032258  0.827957  0.032258  0.107527 
 0.161290  0.053763  0.161290  0.623656 
 0.107527  0.118280  0.763441  0.010753 
 0.623656  0.139785  0.193548  0.043011 
 0.344086  0.118280  0.096774  0.440860 
 0.021505  0.107527  0.118280  0.752688 


MOTIF ZFP64-FLAG_Preferred_ENCFF895ZWZ_motif_5 MOTIF-5
letter-probability matrix: alength= 4 w= 8 nsites= 133 E= 3.5e-023 
 0.000000  0.526316  0.180451  0.293233 
 0.000000  1.000000  0.000000  0.000000 
 0.000000  1.000000  0.000000  0.000000 
 1.000000  0.000000  0.000000  0.000000 
 0.000000  0.000000  1.000000  0.000000 
 0.000000  0.000000  1.000000  0.000000 
 0.293233  0.436090  0.270677  0.000000 
 0.481203  0.518797  0.000000  0.000000 


