MEME version 4

ALPHABET= ACGT

strands: + -

Background letter frequencies
A 0.25 C 0.25 G 0.25 T 0.25



MOTIF ZFP90-FLAG_Preferred_Local_motif_1 MOTIF-1
letter-probability matrix: alength= 4 w= 21 nsites= 222 E= 1.4e-924 
 0.256757  0.049550  0.635135  0.058559 
 0.418919  0.000000  0.243243  0.337838 
 0.072072  0.004505  0.918919  0.004505 
 0.013514  0.972973  0.009009  0.004505 
 0.013514  0.027027  0.000000  0.959459 
 0.977477  0.009009  0.013514  0.000000 
 0.004505  0.036036  0.009009  0.950450 
 0.288288  0.018018  0.644144  0.049550 
 0.896396  0.081081  0.004505  0.018018 
 0.576577  0.081081  0.018018  0.324324 
 0.000000  0.067568  0.004505  0.927928 
 0.045045  0.027027  0.346847  0.581081 
 0.013514  0.076577  0.040541  0.869369 
 0.045045  0.297297  0.481982  0.175676 
 0.000000  1.000000  0.000000  0.000000 
 0.004505  0.977477  0.000000  0.018018 
 0.328829  0.027027  0.004505  0.639640 
 0.013514  0.878378  0.049550  0.058559 
 0.090090  0.040541  0.027027  0.842342 
 0.324324  0.045045  0.441441  0.189189 
 0.563063  0.328829  0.049550  0.058559 


