MEME version 4

ALPHABET= ACGT

strands: + -

Background letter frequencies
A 0.25 C 0.25 G 0.25 T 0.25



MOTIF ZHX2_Preferred_ENCFF556OVK_motif_1 MOTIF-1
letter-probability matrix: alength= 4 w= 21 nsites= 260 E= 8.1e-282 
 0.092308  0.542308  0.280769  0.084615 
 0.111538  0.342308  0.500000  0.046154 
 0.096154  0.492308  0.315385  0.096154 
 0.161538  0.373077  0.319231  0.146154 
 0.103846  0.446154  0.238462  0.211538 
 0.103846  0.392308  0.219231  0.284615 
 0.100000  0.226923  0.361538  0.311538 
 0.207692  0.300000  0.376923  0.115385 
 0.057692  0.165385  0.119231  0.657692 
 0.046154  0.073077  0.550000  0.330769 
 0.676923  0.019231  0.300000  0.003846 
 0.000000  0.961538  0.015385  0.023077 
 0.007692  0.000000  0.992308  0.000000 
 0.026923  0.038462  0.000000  0.934615 
 0.015385  0.973077  0.011538  0.000000 
 0.973077  0.011538  0.000000  0.015385 
 0.023077  0.650000  0.053846  0.273077 
 0.126923  0.265385  0.292308  0.315385 
 0.153846  0.192308  0.419231  0.234615 
 0.138462  0.507692  0.219231  0.134615 
 0.100000  0.480769  0.292308  0.126923 


