MEME version 4

ALPHABET= ACGT

strands: + -

Background letter frequencies
A 0.25 C 0.25 G 0.25 T 0.25



MOTIF ZKSCAN5-FLAG_Preferred_ENCFF648UYI_motif_1 MOTIF-1
letter-probability matrix: alength= 4 w= 16 nsites= 451 E= 8.0e-787 
 0.148559  0.235033  0.490022  0.126386 
 0.452328  0.097561  0.184035  0.266075 
 0.077605  0.000000  0.904656  0.017738 
 0.015521  0.000000  0.984479  0.000000 
 0.988914  0.011086  0.000000  0.000000 
 0.115299  0.000000  0.884701  0.000000 
 0.013304  0.000000  0.851441  0.135255 
 0.097561  0.048780  0.028825  0.824834 
 0.031042  0.000000  0.968958  0.000000 
 0.980044  0.000000  0.008869  0.011086 
 0.113082  0.095344  0.589800  0.201774 
 0.385809  0.119734  0.385809  0.108647 
 0.330377  0.135255  0.412417  0.121951 
 0.243902  0.212860  0.261641  0.281596 
 0.263858  0.144124  0.436807  0.155211 
 0.248337  0.181818  0.445676  0.124169 


MOTIF ZKSCAN5-FLAG_Preferred_ENCFF648UYI_motif_2 MOTIF-2
letter-probability matrix: alength= 4 w= 8 nsites= 333 E= 3.1e-144 
 0.225225  0.000000  0.735736  0.039039 
 0.000000  0.000000  1.000000  0.000000 
 1.000000  0.000000  0.000000  0.000000 
 0.156156  0.000000  0.843844  0.000000 
 0.102102  0.000000  0.648649  0.249249 
 0.261261  0.024024  0.201201  0.513514 
 0.117117  0.000000  0.882883  0.000000 
 0.933934  0.000000  0.066066  0.000000 


