MEME version 4

ALPHABET= ACGT

strands: + -

Background letter frequencies
A 0.25 C 0.25 G 0.25 T 0.25



MOTIF ZKSCAN1_Preferred_ENCFF050IGN_motif_1 MOTIF-1
letter-probability matrix: alength= 4 w= 15 nsites= 417 E= 5.1e-1199 
 0.755396  0.050360  0.179856  0.014388 
 0.000000  0.985612  0.007194  0.007194 
 0.774580  0.076739  0.083933  0.064748 
 0.000000  0.453237  0.019185  0.527578 
 0.990408  0.000000  0.004796  0.004796 
 0.007194  0.011990  0.976019  0.004796 
 0.000000  0.000000  0.000000  1.000000 
 0.930456  0.000000  0.067146  0.002398 
 0.009592  0.000000  0.990408  0.000000 
 0.000000  0.000000  1.000000  0.000000 
 0.059952  0.218225  0.117506  0.604317 
 0.220624  0.297362  0.436451  0.045564 
 0.057554  0.664269  0.047962  0.230216 
 0.139089  0.093525  0.129496  0.637890 
 0.055156  0.587530  0.115108  0.242206 


MOTIF ZKSCAN1_Preferred_ENCFF050IGN_motif_3 MOTIF-3
letter-probability matrix: alength= 4 w= 15 nsites= 75 E= 1.0e-073 
 0.240000  0.066667  0.640000  0.053333 
 0.000000  0.946667  0.013333  0.040000 
 0.866667  0.053333  0.066667  0.013333 
 0.000000  1.000000  0.000000  0.000000 
 0.880000  0.000000  0.000000  0.120000 
 0.000000  0.693333  0.080000  0.226667 
 0.973333  0.000000  0.000000  0.026667 
 0.000000  0.026667  0.946667  0.026667 
 0.013333  0.013333  0.000000  0.973333 
 0.453333  0.226667  0.320000  0.000000 
 0.226667  0.000000  0.573333  0.200000 
 0.000000  0.000000  0.946667  0.053333 
 0.213333  0.226667  0.266667  0.293333 
 0.160000  0.560000  0.173333  0.106667 
 0.146667  0.400000  0.080000  0.373333 


