MEME version 4

ALPHABET= ACGT

strands: + -

Background letter frequencies
A 0.25 C 0.25 G 0.25 T 0.25



MOTIF ZNF121-FLAG_Preferred_ENCFF817UOJ_motif_1 MOTIF-1
letter-probability matrix: alength= 4 w= 15 nsites= 336 E= 5.1e-1425 
 0.011905  0.011905  0.000000  0.976190 
 0.357143  0.425595  0.181548  0.035714 
 0.014881  0.044643  0.008929  0.931548 
 0.101190  0.023810  0.869048  0.005952 
 0.005952  0.065476  0.002976  0.925595 
 0.011905  0.032738  0.029762  0.925595 
 0.000000  0.000000  1.000000  0.000000 
 0.000000  0.869048  0.026786  0.104167 
 0.000000  0.991071  0.002976  0.005952 
 0.000000  1.000000  0.000000  0.000000 
 0.952381  0.023810  0.008929  0.014881 
 0.023810  0.000000  0.976190  0.000000 
 0.038690  0.011905  0.907738  0.041667 
 0.011905  0.949405  0.002976  0.035714 
 0.017857  0.032738  0.008929  0.940476 


MOTIF ZNF121-FLAG_Preferred_ENCFF817UOJ_motif_4 MOTIF-4
letter-probability matrix: alength= 4 w= 21 nsites= 129 E= 4.2e-532 
 0.007752  0.860465  0.038760  0.093023 
 0.953488  0.015504  0.023256  0.007752 
 0.147287  0.031008  0.821705  0.000000 
 0.015504  0.031008  0.015504  0.937984 
 0.085271  0.015504  0.860465  0.038760 
 0.124031  0.000000  0.844961  0.031008 
 0.007752  0.565891  0.023256  0.403101 
 0.248062  0.015504  0.713178  0.023256 
 0.031008  0.674419  0.023256  0.271318 
 0.457364  0.062016  0.449612  0.031008 
 0.953488  0.007752  0.038760  0.000000 
 0.023256  0.023256  0.007752  0.945736 
 0.007752  0.945736  0.023256  0.023256 
 0.418605  0.046512  0.038760  0.496124 
 0.007752  0.496124  0.015504  0.480620 
 0.488372  0.023256  0.472868  0.015504 
 0.062016  0.007752  0.914729  0.015504 
 0.000000  0.922481  0.023256  0.054264 
 0.031008  0.015504  0.000000  0.953488 
 0.015504  0.891473  0.015504  0.077519 
 0.899225  0.023256  0.038760  0.038760 


