MEME version 4

ALPHABET= ACGT

strands: + -

Background letter frequencies
A 0.25 C 0.25 G 0.25 T 0.25



MOTIF ZNF12-FLAG_Preferred_ENCFF842COU_motif_1 MOTIF-1
letter-probability matrix: alength= 4 w= 15 nsites= 350 E= 1.5e-1030 
 0.005714  0.151429  0.080000  0.762857 
 0.008571  0.082857  0.014286  0.894286 
 0.002857  0.048571  0.000000  0.948571 
 0.025714  0.042857  0.902857  0.028571 
 0.000000  0.014286  0.002857  0.982857 
 0.000000  0.142857  0.000000  0.857143 
 0.817143  0.020000  0.051429  0.111429 
 0.031429  0.608571  0.022857  0.337143 
 0.545714  0.048571  0.065714  0.340000 
 0.042857  0.005714  0.920000  0.031429 
 0.045714  0.908571  0.005714  0.040000 
 0.874286  0.017143  0.051429  0.057143 
 0.025714  0.031429  0.922857  0.020000 
 0.008571  0.957143  0.000000  0.034286 
 0.534286  0.171429  0.045714  0.248571 


MOTIF ZNF12-FLAG_Preferred_ENCFF842COU_motif_2 MOTIF-2
letter-probability matrix: alength= 4 w= 21 nsites= 130 E= 2.5e-351 
 0.038462  0.800000  0.053846  0.107692 
 0.092308  0.576923  0.069231  0.261538 
 0.038462  0.184615  0.053846  0.723077 
 0.576923  0.015385  0.261538  0.146154 
 0.261538  0.084615  0.615385  0.038462 
 0.015385  0.923077  0.007692  0.053846 
 0.053846  0.623077  0.000000  0.323077 
 0.061538  0.261538  0.076923  0.600000 
 0.776923  0.023077  0.153846  0.046154 
 0.107692  0.115385  0.061538  0.715385 
 0.138462  0.630769  0.130769  0.100000 
 0.000000  1.000000  0.000000  0.000000 
 0.030769  0.007692  0.000000  0.961538 
 0.069231  0.023077  0.892308  0.015385 
 0.938462  0.015385  0.023077  0.023077 
 0.000000  0.930769  0.030769  0.038462 
 0.053846  0.076923  0.015385  0.853846 
 0.392308  0.061538  0.515385  0.030769 
 0.815385  0.038462  0.092308  0.053846 
 0.046154  0.169231  0.030769  0.753846 
 0.723077  0.061538  0.153846  0.061538 


MOTIF ZNF12-FLAG_Preferred_ENCFF842COU_motif_4 MOTIF-4
letter-probability matrix: alength= 4 w= 15 nsites= 98 E= 1.7e-110 
 0.193878  0.367347  0.336735  0.102041 
 0.061224  0.040816  0.020408  0.877551 
 0.010204  0.000000  0.989796  0.000000 
 0.000000  0.061224  0.000000  0.938776 
 0.704082  0.193878  0.081633  0.020408 
 0.010204  0.000000  0.000000  0.989796 
 0.000000  0.132653  0.112245  0.755102 
 0.938776  0.010204  0.010204  0.040816 
 0.000000  0.000000  1.000000  0.000000 
 0.000000  0.132653  0.081633  0.785714 
 0.091837  0.346939  0.051020  0.510204 
 0.214286  0.153061  0.030612  0.602041 
 0.255102  0.367347  0.326531  0.051020 
 0.040816  0.632653  0.091837  0.234694 
 0.071429  0.051020  0.091837  0.785714 


