MEME version 4

ALPHABET= ACGT

strands: + -

Background letter frequencies
A 0.25 C 0.25 G 0.25 T 0.25



MOTIF ZNF263-FLAG_Preferred_ENCFF236FRR_motif_1 MOTIF-1
letter-probability matrix: alength= 4 w= 21 nsites= 465 E= 4.6e-619 
 0.109677  0.430108  0.245161  0.215054 
 0.103226  0.427957  0.212903  0.255914 
 0.139785  0.374194  0.212903  0.273118 
 0.094624  0.443011  0.279570  0.182796 
 0.113978  0.460215  0.227957  0.197849 
 0.116129  0.344086  0.245161  0.294624 
 0.133333  0.483871  0.204301  0.178495 
 0.113978  0.507527  0.169892  0.208602 
 0.133333  0.354839  0.215054  0.296774 
 0.113978  0.432258  0.320430  0.133333 
 0.135484  0.283871  0.320430  0.260215 
 0.116129  0.477419  0.247312  0.159140 
 0.281720  0.337634  0.288172  0.092473 
 0.004301  0.410753  0.529032  0.055914 
 0.002151  0.015054  0.025806  0.956989 
 0.002151  0.587097  0.410753  0.000000 
 0.032258  0.963441  0.000000  0.004301 
 0.000000  0.023656  0.006452  0.969892 
 0.000000  0.950538  0.030108  0.019355 
 0.017204  0.952688  0.008602  0.021505 
 0.092473  0.791398  0.008602  0.107527 


MOTIF ZNF263-FLAG_Preferred_ENCFF236FRR_motif_3 MOTIF-3
letter-probability matrix: alength= 4 w= 8 nsites= 116 E= 2.1e-033 
 0.181034  0.000000  0.551724  0.267241 
 0.000000  0.000000  1.000000  0.000000 
 0.000000  0.000000  1.000000  0.000000 
 1.000000  0.000000  0.000000  0.000000 
 0.000000  0.000000  1.000000  0.000000 
 0.000000  0.577586  0.422414  0.000000 
 1.000000  0.000000  0.000000  0.000000 
 0.000000  0.637931  0.362069  0.000000 


