MEME version 4

ALPHABET= ACGT

strands: + -

Background letter frequencies
A 0.25 C 0.25 G 0.25 T 0.25



MOTIF ZNF232-FLAG_Preferred_ENCFF394XIE_motif_1 MOTIF-1
letter-probability matrix: alength= 4 w= 20 nsites= 111 E= 4.0e-480 
 0.144144  0.045045  0.666667  0.144144 
 0.054054  0.144144  0.684685  0.117117 
 0.225225  0.576577  0.027027  0.171171 
 0.063063  0.081081  0.801802  0.054054 
 0.000000  0.981982  0.009009  0.009009 
 0.009009  0.027027  0.000000  0.963964 
 0.018018  0.099099  0.882883  0.000000 
 0.009009  0.009009  0.054054  0.927928 
 0.000000  0.981982  0.009009  0.009009 
 0.000000  1.000000  0.000000  0.000000 
 0.423423  0.081081  0.441441  0.054054 
 0.162162  0.225225  0.054054  0.558559 
 0.027027  0.009009  0.963964  0.000000 
 0.000000  0.000000  1.000000  0.000000 
 0.027027  0.000000  0.000000  0.972973 
 0.036036  0.063063  0.846847  0.054054 
 0.000000  0.981982  0.009009  0.009009 
 0.000000  0.018018  0.000000  0.981982 
 0.018018  0.000000  0.972973  0.009009 
 0.819820  0.063063  0.099099  0.018018 


