MEME version 4

ALPHABET= ACGT

strands: + -

Background letter frequencies
A 0.25 C 0.25 G 0.25 T 0.25



MOTIF ZNF256-FLAG_Preferred_ENCFF612NCS_motif_1 MOTIF-1
letter-probability matrix: alength= 4 w= 29 nsites= 97 E= 6.2e-440 
 0.216495  0.298969  0.432990  0.051546 
 0.154639  0.319588  0.329897  0.195876 
 0.164948  0.257732  0.453608  0.123711 
 0.154639  0.309278  0.340206  0.195876 
 0.061856  0.381443  0.391753  0.164948 
 0.072165  0.432990  0.340206  0.154639 
 0.123711  0.319588  0.329897  0.226804 
 0.123711  0.134021  0.484536  0.257732 
 0.185567  0.030928  0.639175  0.144330 
 0.041237  0.144330  0.711340  0.103093 
 0.257732  0.618557  0.020619  0.103093 
 0.051546  0.082474  0.793814  0.072165 
 0.000000  0.979381  0.000000  0.020619 
 0.000000  0.010309  0.010309  0.979381 
 0.030928  0.103093  0.865979  0.000000 
 0.010309  0.000000  0.061856  0.927835 
 0.000000  0.989691  0.010309  0.000000 
 0.000000  0.989691  0.000000  0.010309 
 0.463918  0.113402  0.340206  0.082474 
 0.206186  0.195876  0.051546  0.546392 
 0.030928  0.010309  0.958763  0.000000 
 0.000000  0.000000  1.000000  0.000000 
 0.010309  0.000000  0.000000  0.989691 
 0.030928  0.092784  0.824742  0.051546 
 0.000000  0.969072  0.010309  0.020619 
 0.000000  0.020619  0.000000  0.979381 
 0.020619  0.000000  0.979381  0.000000 
 0.773196  0.072165  0.134021  0.020619 
 0.649485  0.226804  0.041237  0.082474 


