MEME version 4

ALPHABET= ACGT

strands: + -

Background letter frequencies
A 0.25 C 0.25 G 0.25 T 0.25



MOTIF ZNF205-FLAG_Preferred_ENCFF482IUF_motif_3 MOTIF-3
letter-probability matrix: alength= 4 w= 21 nsites= 171 E= 1.8e-134 
 0.011696  0.035088  0.953216  0.000000 
 0.923977  0.000000  0.064327  0.011696 
 0.005848  0.005848  0.988304  0.000000 
 0.134503  0.602339  0.093567  0.169591 
 0.274854  0.000000  0.678363  0.046784 
 0.081871  0.754386  0.076023  0.087719 
 0.122807  0.479532  0.035088  0.362573 
 0.573099  0.239766  0.093567  0.093567 
 0.760234  0.064327  0.122807  0.052632 
 0.122807  0.485380  0.286550  0.105263 
 0.228070  0.134503  0.128655  0.508772 
 0.532164  0.210526  0.157895  0.099415 
 0.064327  0.380117  0.128655  0.426901 
 0.099415  0.614035  0.239766  0.046784 
 0.081871  0.076023  0.298246  0.543860 
 0.233918  0.385965  0.327485  0.052632 
 0.146199  0.561404  0.081871  0.210526 
 0.128655  0.257310  0.239766  0.374269 
 0.584795  0.181287  0.122807  0.111111 
 0.157895  0.011696  0.824561  0.005848 
 0.087719  0.076023  0.766082  0.070175 


