MEME version 4

ALPHABET= ACGT

strands: + -

Background letter frequencies
A 0.25 C 0.25 G 0.25 T 0.25



MOTIF ZNF281-FLAG_Preferred_ENCFF497XRB_motif_1 MOTIF-1
letter-probability matrix: alength= 4 w= 21 nsites= 429 E= 3.7e-1152 
 0.144522  0.368298  0.293706  0.193473 
 0.205128  0.400932  0.198135  0.195804 
 0.125874  0.447552  0.135198  0.291375 
 0.172494  0.163170  0.393939  0.270396 
 0.062937  0.874126  0.023310  0.039627 
 0.051282  0.911422  0.000000  0.037296 
 0.000000  0.997669  0.000000  0.002331 
 0.128205  0.692308  0.000000  0.179487 
 0.097902  0.000000  0.079254  0.822844 
 0.000000  1.000000  0.000000  0.000000 
 0.011655  0.988345  0.000000  0.000000 
 0.002331  0.981352  0.002331  0.013986 
 0.002331  0.988345  0.006993  0.002331 
 0.002331  0.997669  0.000000  0.000000 
 0.589744  0.223776  0.027972  0.158508 
 0.256410  0.468531  0.144522  0.130536 
 0.125874  0.545455  0.142191  0.186480 
 0.135198  0.505828  0.198135  0.160839 
 0.221445  0.382284  0.191142  0.205128 
 0.205128  0.344988  0.272727  0.177156 
 0.177156  0.265734  0.340326  0.216783 


MOTIF ZNF281-FLAG_Preferred_ENCFF497XRB_motif_5 MOTIF-5
letter-probability matrix: alength= 4 w= 11 nsites= 75 E= 1.6e-018 
 0.066667  0.773333  0.066667  0.093333 
 0.026667  0.813333  0.026667  0.133333 
 0.000000  1.000000  0.000000  0.000000 
 0.106667  0.800000  0.000000  0.093333 
 0.040000  0.000000  0.266667  0.693333 
 0.000000  0.973333  0.026667  0.000000 
 0.000000  0.906667  0.000000  0.093333 
 0.000000  0.786667  0.040000  0.173333 
 0.013333  0.960000  0.026667  0.000000 
 0.013333  0.906667  0.066667  0.013333 
 0.480000  0.280000  0.026667  0.213333 


