MEME version 4

ALPHABET= ACGT

strands: + -

Background letter frequencies
A 0.25 C 0.25 G 0.25 T 0.25



MOTIF ZNF3-FLAG_Preferred_ENCFF358VSZ_motif_1 MOTIF-1
letter-probability matrix: alength= 4 w= 21 nsites= 278 E= 1.4e-744 
 0.122302  0.111511  0.151079  0.615108 
 0.169065  0.028777  0.776978  0.025180 
 0.079137  0.093525  0.089928  0.737410 
 0.017986  0.035971  0.075540  0.870504 
 0.079137  0.039568  0.057554  0.823741 
 0.100719  0.021583  0.877698  0.000000 
 0.089928  0.151079  0.014388  0.744604 
 0.082734  0.035971  0.035971  0.845324 
 0.082734  0.000000  0.917266  0.000000 
 0.974820  0.007194  0.000000  0.017986 
 0.374101  0.241007  0.212230  0.172662 
 0.043165  0.017986  0.021583  0.917266 
 0.025180  0.000000  0.971223  0.003597 
 0.830935  0.133094  0.025180  0.010791 
 0.467626  0.424460  0.061151  0.046763 
 0.079137  0.086331  0.028777  0.805755 
 0.388489  0.097122  0.366906  0.147482 
 0.629496  0.129496  0.071942  0.169065 
 0.305755  0.266187  0.219424  0.208633 
 0.266187  0.140288  0.129496  0.464029 
 0.241007  0.107914  0.539568  0.111511 


