MEME version 4

ALPHABET= ACGT

strands: + -

Background letter frequencies
A 0.25 C 0.25 G 0.25 T 0.25



MOTIF ZNF317-FLAG_Preferred_ENCFF051JQT_motif_1 MOTIF-1
letter-probability matrix: alength= 4 w= 15 nsites= 406 E= 2.5e-978 
 0.790640  0.044335  0.125616  0.039409 
 0.268473  0.024631  0.625616  0.081281 
 0.906404  0.017241  0.041872  0.034483 
 0.896552  0.007389  0.032020  0.064039 
 0.369458  0.014778  0.615764  0.000000 
 0.029557  0.009852  0.002463  0.958128 
 0.044335  0.884236  0.009852  0.061576 
 0.534483  0.017241  0.056650  0.391626 
 0.036946  0.002463  0.884236  0.076355 
 0.029557  0.827586  0.032020  0.110837 
 0.152709  0.046798  0.032020  0.768473 
 0.078818  0.014778  0.896552  0.009852 
 0.083744  0.046798  0.004926  0.864532 
 0.150246  0.482759  0.014778  0.352217 
 0.807882  0.056650  0.046798  0.088670 


