MEME version 4

ALPHABET= ACGT

strands: + -

Background letter frequencies
A 0.25 C 0.25 G 0.25 T 0.25



MOTIF ZNF331-FLAG_Preferred_ENCFF333ZPM_motif_1 MOTIF-1
letter-probability matrix: alength= 4 w= 15 nsites= 311 E= 6.8e-863 
 0.067524  0.006431  0.887460  0.038585 
 0.244373  0.061093  0.659164  0.035370 
 0.102894  0.733119  0.022508  0.141479 
 0.321543  0.012862  0.067524  0.598071 
 0.061093  0.012862  0.893891  0.032154 
 0.048232  0.003215  0.829582  0.118971 
 0.003215  0.003215  0.987138  0.006431 
 0.025723  0.903537  0.000000  0.070740 
 0.003215  0.009646  0.000000  0.987138 
 0.012862  0.938907  0.000000  0.048232 
 0.752412  0.003215  0.045016  0.199357 
 0.006431  0.003215  0.987138  0.003215 
 0.000000  0.954984  0.006431  0.038585 
 0.299035  0.061093  0.032154  0.607717 
 0.138264  0.022508  0.771704  0.067524 


MOTIF ZNF331-FLAG_Preferred_ENCFF333ZPM_motif_2 MOTIF-2
letter-probability matrix: alength= 4 w= 15 nsites= 205 E= 3.3e-492 
 0.102439  0.009756  0.839024  0.048780 
 0.229268  0.029268  0.697561  0.043902 
 0.097561  0.278049  0.009756  0.614634 
 0.126829  0.004878  0.824390  0.043902 
 0.141463  0.014634  0.843902  0.000000 
 0.000000  0.175610  0.000000  0.824390 
 0.000000  0.000000  0.004878  0.995122 
 0.009756  0.946341  0.029268  0.014634 
 0.165854  0.014634  0.009756  0.809756 
 0.000000  0.000000  0.073171  0.926829 
 0.004878  0.970732  0.004878  0.019512 
 0.034146  0.053659  0.000000  0.912195 
 0.000000  0.082927  0.878049  0.039024 
 0.019512  0.536585  0.151220  0.292683 
 0.087805  0.092683  0.092683  0.726829 


MOTIF ZNF331-FLAG_Preferred_ENCFF333ZPM_motif_5 MOTIF-5
letter-probability matrix: alength= 4 w= 21 nsites= 57 E= 9.0e-083 
 0.035088  0.736842  0.052632  0.175439 
 0.087719  0.736842  0.000000  0.175439 
 0.649123  0.035088  0.122807  0.192982 
 0.000000  0.368421  0.105263  0.526316 
 0.385965  0.228070  0.385965  0.000000 
 0.070175  0.070175  0.017544  0.842105 
 0.087719  0.000000  0.894737  0.017544 
 0.175439  0.052632  0.771930  0.000000 
 0.035088  0.245614  0.017544  0.701754 
 0.298246  0.122807  0.508772  0.070175 
 0.000000  0.122807  0.087719  0.789474 
 0.017544  0.438596  0.000000  0.543860 
 0.350877  0.017544  0.526316  0.105263 
 0.175439  0.070175  0.736842  0.017544 
 0.017544  0.894737  0.000000  0.087719 
 0.070175  0.000000  0.000000  0.929825 
 0.087719  0.000000  0.894737  0.017544 
 0.210526  0.000000  0.754386  0.035088 
 0.122807  0.000000  0.842105  0.035088 
 0.070175  0.192982  0.666667  0.070175 
 0.017544  0.473684  0.000000  0.508772 


