MEME version 4

ALPHABET= ACGT

strands: + -

Background letter frequencies
A 0.25 C 0.25 G 0.25 T 0.25



MOTIF ZNF329-FLAG_Preferred_Local_motif_1 MOTIF-1
letter-probability matrix: alength= 4 w= 16 nsites= 402 E= 5.8e-1248 
 0.982587  0.002488  0.002488  0.012438 
 0.007463  0.000000  0.987562  0.004975 
 0.017413  0.002488  0.977612  0.002488 
 0.144279  0.544776  0.017413  0.293532 
 0.699005  0.104478  0.131841  0.064677 
 0.131841  0.296020  0.079602  0.492537 
 0.328358  0.024876  0.621891  0.024876 
 0.014925  0.004975  0.980100  0.000000 
 0.032338  0.771144  0.044776  0.151741 
 0.022388  0.042289  0.077114  0.858209 
 0.067164  0.032338  0.587065  0.313433 
 0.029851  0.059701  0.865672  0.044776 
 0.853234  0.114428  0.009950  0.022388 
 0.024876  0.024876  0.004975  0.945274 
 0.000000  0.982587  0.009950  0.007463 
 0.161692  0.751244  0.004975  0.082090 


MOTIF ZNF329-FLAG_Preferred_Local_motif_2 MOTIF-2
letter-probability matrix: alength= 4 w= 15 nsites= 175 E= 9.3e-127 
 0.965714  0.000000  0.022857  0.011429 
 0.000000  0.000000  1.000000  0.000000 
 0.045714  0.057143  0.897143  0.000000 
 0.234286  0.097143  0.262857  0.405714 
 0.114286  0.022857  0.862857  0.000000 
 0.017143  0.828571  0.000000  0.154286 
 0.074286  0.057143  0.005714  0.862857 
 0.000000  0.685714  0.177143  0.137143 
 0.800000  0.154286  0.045714  0.000000 
 0.651429  0.091429  0.171429  0.085714 
 0.617143  0.142857  0.188571  0.051429 
 0.171429  0.268571  0.148571  0.411429 
 0.354286  0.074286  0.520000  0.051429 
 0.525714  0.177143  0.142857  0.154286 
 0.080000  0.217143  0.120000  0.582857 


