MEME version 4

ALPHABET= ACGT

strands: + -

Background letter frequencies
A 0.25 C 0.25 G 0.25 T 0.25



MOTIF ZNF460-FLAG_Preferred_ENCFF362HXG_motif_1 MOTIF-1
letter-probability matrix: alength= 4 w= 13 nsites= 418 E= 1.6e-1606 
 0.040670  0.007177  0.940191  0.011962 
 0.000000  0.973684  0.011962  0.014354 
 0.004785  0.014354  0.000000  0.980861 
 0.057416  0.000000  0.923445  0.019139 
 0.043062  0.014354  0.925837  0.016746 
 0.028708  0.011962  0.949761  0.009569 
 0.952153  0.009569  0.033493  0.004785 
 0.007177  0.327751  0.007177  0.657895 
 0.011962  0.055024  0.009569  0.923445 
 0.956938  0.002392  0.038278  0.002392 
 0.004785  0.980861  0.000000  0.014354 
 0.992823  0.002392  0.000000  0.004785 
 0.007177  0.000000  0.980861  0.011962 


MOTIF ZNF460-FLAG_Preferred_ENCFF362HXG_motif_2 MOTIF-2
letter-probability matrix: alength= 4 w= 15 nsites= 489 E= 2.8e-1770 
 0.006135  0.075665  0.026585  0.891616 
 0.024540  0.298569  0.028630  0.648262 
 0.141104  0.006135  0.850716  0.002045 
 0.020450  0.002045  0.977505  0.000000 
 0.002045  0.061350  0.928425  0.008180 
 0.936605  0.034765  0.006135  0.022495 
 0.028630  0.000000  0.969325  0.002045 
 0.018405  0.000000  0.969325  0.012270 
 0.008180  0.887526  0.073620  0.030675 
 0.024540  0.370143  0.036810  0.568507 
 0.159509  0.028630  0.795501  0.016360 
 0.903885  0.014315  0.026585  0.055215 
 0.051125  0.018405  0.928425  0.002045 
 0.057260  0.016360  0.905930  0.020450 
 0.020450  0.656442  0.034765  0.288344 


