MEME version 4

ALPHABET= ACGT

strands: + -

Background letter frequencies
A 0.25 C 0.25 G 0.25 T 0.25



MOTIF ZNF441-FLAG_Preferred_ENCFF995IVE_motif_1 MOTIF-1
letter-probability matrix: alength= 4 w= 29 nsites= 256 E= 3.4e-2564 
 0.023438  0.023438  0.125000  0.828125 
 0.019531  0.035156  0.089844  0.855469 
 0.023438  0.035156  0.042969  0.898438 
 0.019531  0.019531  0.011719  0.949219 
 0.007812  0.054688  0.031250  0.906250 
 0.031250  0.027344  0.035156  0.906250 
 0.023438  0.007812  0.925781  0.042969 
 0.972656  0.000000  0.015625  0.011719 
 0.011719  0.000000  0.980469  0.007812 
 0.917969  0.000000  0.070312  0.011719 
 0.000000  0.929688  0.000000  0.070312 
 0.003906  0.000000  0.996094  0.000000 
 0.000000  0.000000  1.000000  0.000000 
 0.996094  0.000000  0.003906  0.000000 
 0.035156  0.007812  0.941406  0.015625 
 0.000000  0.015625  0.000000  0.984375 
 0.000000  0.812500  0.003906  0.183594 
 0.000000  0.027344  0.003906  0.968750 
 0.027344  0.640625  0.042969  0.289062 
 0.156250  0.023438  0.785156  0.035156 
 0.000000  0.941406  0.023438  0.035156 
 0.023438  0.039062  0.000000  0.937500 
 0.007812  0.933594  0.031250  0.027344 
 0.019531  0.015625  0.011719  0.953125 
 0.035156  0.019531  0.863281  0.082031 
 0.000000  0.000000  0.085938  0.914062 
 0.000000  0.906250  0.000000  0.093750 
 0.117188  0.097656  0.718750  0.066406 
 0.019531  0.917969  0.058594  0.003906 


MOTIF ZNF441-FLAG_Preferred_ENCFF995IVE_motif_4 MOTIF-4
letter-probability matrix: alength= 4 w= 15 nsites= 195 E= 6.9e-437 
 0.138462  0.164103  0.148718  0.548718 
 0.112821  0.215385  0.112821  0.558974 
 0.092308  0.128205  0.082051  0.697436 
 0.082051  0.164103  0.143590  0.610256 
 0.097436  0.087179  0.030769  0.784615 
 0.015385  0.138462  0.025641  0.820513 
 0.000000  0.056410  0.087179  0.856410 
 0.025641  0.066667  0.158974  0.748718 
 0.005128  0.015385  0.056410  0.923077 
 0.000000  0.000000  0.030769  0.969231 
 0.000000  0.010256  0.000000  0.989744 
 0.030769  0.051282  0.256410  0.661538 
 0.000000  0.005128  0.066667  0.928205 
 0.000000  0.000000  0.000000  1.000000 
 0.000000  0.000000  0.000000  1.000000 


