MEME version 4

ALPHABET= ACGT

strands: + -

Background letter frequencies
A 0.25 C 0.25 G 0.25 T 0.25



MOTIF ZNF490-FLAG_Preferred_ENCFF088FSM_motif_1 MOTIF-1
letter-probability matrix: alength= 4 w= 21 nsites= 278 E= 4.3e-1710 
 0.000000  0.010791  0.007194  0.982014 
 0.593525  0.197842  0.151079  0.057554 
 0.000000  0.003597  0.000000  0.996403 
 0.003597  0.000000  0.992806  0.003597 
 0.000000  0.848921  0.000000  0.151079 
 0.003597  0.000000  0.000000  0.996403 
 0.003597  0.000000  0.996403  0.000000 
 0.000000  0.417266  0.007194  0.575540 
 0.122302  0.705036  0.032374  0.140288 
 0.007194  0.007194  0.010791  0.974820 
 0.388489  0.017986  0.035971  0.557554 
 0.000000  0.989209  0.007194  0.003597 
 0.982014  0.010791  0.007194  0.000000 
 0.856115  0.000000  0.136691  0.007194 
 0.003597  0.003597  0.992806  0.000000 
 0.985612  0.000000  0.014388  0.000000 
 0.266187  0.003597  0.712230  0.017986 
 0.935252  0.053957  0.007194  0.003597 
 0.003597  0.946043  0.014388  0.035971 
 0.190647  0.528777  0.000000  0.280576 
 0.068345  0.737410  0.021583  0.172662 


MOTIF ZNF490-FLAG_Preferred_ENCFF088FSM_motif_3 MOTIF-3
letter-probability matrix: alength= 4 w= 15 nsites= 222 E= 9.3e-564 
 0.882883  0.027027  0.040541  0.049550 
 0.441441  0.013514  0.509009  0.036036 
 0.959459  0.027027  0.013514  0.000000 
 0.797297  0.027027  0.162162  0.013514 
 0.328829  0.166667  0.342342  0.162162 
 0.126126  0.788288  0.018018  0.067568 
 0.972973  0.000000  0.018018  0.009009 
 0.887387  0.009009  0.045045  0.058559 
 0.103604  0.000000  0.896396  0.000000 
 0.972973  0.000000  0.027027  0.000000 
 0.022523  0.882883  0.013514  0.081081 
 0.027027  0.914414  0.000000  0.058559 
 0.031532  0.882883  0.000000  0.085586 
 0.950450  0.009009  0.031532  0.009009 
 0.500000  0.063063  0.103604  0.333333 


