MEME version 4

ALPHABET= ACGT

strands: + -

Background letter frequencies
A 0.25 C 0.25 G 0.25 T 0.25



MOTIF ZNF576-FLAG_Preferred_ENCFF062ELQ_motif_1 MOTIF-1
letter-probability matrix: alength= 4 w= 21 nsites= 195 E= 9.6e-547 
 0.092308  0.815385  0.030769  0.061538 
 0.015385  0.974359  0.010256  0.000000 
 0.723077  0.015385  0.117949  0.143590 
 0.051282  0.420513  0.502564  0.025641 
 0.107692  0.600000  0.061538  0.230769 
 0.902564  0.010256  0.035897  0.051282 
 0.005128  0.005128  0.989744  0.000000 
 0.302564  0.000000  0.697436  0.000000 
 0.041026  0.015385  0.569231  0.374359 
 0.000000  0.000000  1.000000  0.000000 
 0.025641  0.087179  0.666667  0.220513 
 0.271795  0.635897  0.041026  0.051282 
 0.051282  0.015385  0.871795  0.061538 
 0.723077  0.241026  0.030769  0.005128 
 0.005128  0.979487  0.005128  0.010256 
 0.938462  0.015385  0.015385  0.030769 
 0.348718  0.020513  0.497436  0.133333 
 0.702564  0.025641  0.071795  0.200000 
 0.189744  0.205128  0.446154  0.158974 
 0.410256  0.174359  0.200000  0.215385 
 0.107692  0.379487  0.405128  0.107692 


