MEME version 4

ALPHABET= ACGT

strands: + -

Background letter frequencies
A 0.25 C 0.25 G 0.25 T 0.25



MOTIF ZNF543-FLAG_Preferred_ENCFF882RAQ_motif_1 MOTIF-1
letter-probability matrix: alength= 4 w= 15 nsites= 498 E= 9.6e-235 
 0.006024  0.299197  0.538153  0.156627 
 0.032129  0.690763  0.174699  0.102410 
 0.072289  0.658635  0.068273  0.200803 
 0.248996  0.110442  0.419679  0.220884 
 0.000000  0.664659  0.299197  0.036145 
 0.014056  0.785141  0.024096  0.176707 
 0.022088  0.837349  0.026104  0.114458 
 0.283133  0.307229  0.200803  0.208835 
 0.000000  0.871486  0.128514  0.000000 
 0.431727  0.152610  0.068273  0.347390 
 0.000000  0.238956  0.564257  0.196787 
 0.028112  0.395582  0.299197  0.277108 
 0.026104  0.493976  0.291165  0.188755 
 0.004016  0.849398  0.104418  0.042169 
 0.072289  0.618474  0.040161  0.269076 


