MEME version 4

ALPHABET= ACGT

strands: + -

Background letter frequencies
A 0.25 C 0.25 G 0.25 T 0.25



MOTIF ZNF549-FLAG_Preferred_ENCFF430MJE_motif_1 MOTIF-1
letter-probability matrix: alength= 4 w= 13 nsites= 278 E= 1.1e-230 
 0.079137  0.014388  0.859712  0.046763 
 0.161871  0.118705  0.316547  0.402878 
 0.107914  0.352518  0.233813  0.305755 
 0.010791  0.938849  0.017986  0.032374 
 0.956835  0.007194  0.035971  0.000000 
 0.751799  0.046763  0.176259  0.025180 
 0.852518  0.000000  0.140288  0.007194 
 0.000000  0.010791  0.974820  0.014388 
 0.082734  0.014388  0.190647  0.712230 
 0.035971  0.557554  0.125899  0.280576 
 0.007194  0.946043  0.000000  0.046763 
 0.697842  0.057554  0.104317  0.140288 
 0.169065  0.284173  0.406475  0.140288 


