MEME version 4

ALPHABET= ACGT

strands: + -

Background letter frequencies
A 0.25 C 0.25 G 0.25 T 0.25



MOTIF ZNF652-FLAG_Preferred_ENCFF054CBG_motif_1 MOTIF-1
letter-probability matrix: alength= 4 w= 16 nsites= 378 E= 1.3e-700 
 0.097884  0.071429  0.756614  0.074074 
 0.201058  0.391534  0.248677  0.158730 
 0.380952  0.322751  0.179894  0.116402 
 0.396825  0.264550  0.193122  0.145503 
 0.201058  0.251323  0.346561  0.201058 
 0.066138  0.235450  0.431217  0.267196 
 0.608466  0.140212  0.177249  0.074074 
 0.812169  0.042328  0.084656  0.060847 
 0.693122  0.023810  0.232804  0.050265 
 0.058201  0.042328  0.820106  0.079365 
 0.238095  0.002646  0.751323  0.007937 
 0.000000  0.002646  0.997354  0.000000 
 0.002646  0.002646  0.002646  0.992063 
 0.005291  0.007937  0.013228  0.973545 
 0.984127  0.002646  0.007937  0.005291 
 0.955026  0.031746  0.005291  0.007937 


