MEME version 4

ALPHABET= ACGT

strands: + -

Background letter frequencies
A 0.25 C 0.25 G 0.25 T 0.25



MOTIF ZNF697-FLAG_Preferred_ENCFF385UIF_motif_1 MOTIF-1
letter-probability matrix: alength= 4 w= 15 nsites= 348 E= 3.8e-669 
 0.129310  0.155172  0.637931  0.077586 
 0.137931  0.201149  0.583333  0.077586 
 0.408046  0.232759  0.215517  0.143678 
 0.137931  0.445402  0.221264  0.195402 
 0.169540  0.048851  0.491379  0.290230 
 0.025862  0.954023  0.005747  0.014368 
 0.000000  0.982759  0.005747  0.011494 
 0.083333  0.000000  0.034483  0.882184 
 0.000000  0.000000  1.000000  0.000000 
 0.022989  0.000000  0.974138  0.002874 
 0.000000  0.040230  0.951149  0.008621 
 0.031609  0.045977  0.022989  0.899425 
 0.000000  0.609195  0.022989  0.367816 
 0.014368  0.913793  0.011494  0.060345 
 0.155172  0.566092  0.091954  0.186782 


MOTIF ZNF697-FLAG_Preferred_ENCFF385UIF_motif_2 MOTIF-2
letter-probability matrix: alength= 4 w= 18 nsites= 73 E= 1.4e-255 
 0.027397  0.945205  0.000000  0.027397 
 0.972603  0.000000  0.027397  0.000000 
 0.013699  0.013699  0.972603  0.000000 
 0.054795  0.890411  0.027397  0.027397 
 0.958904  0.000000  0.000000  0.041096 
 0.000000  1.000000  0.000000  0.000000 
 0.000000  0.945205  0.013699  0.041096 
 0.547945  0.054795  0.246575  0.150685 
 0.013699  0.438356  0.095890  0.452055 
 0.000000  0.000000  1.000000  0.000000 
 0.000000  0.027397  0.972603  0.000000 
 0.945205  0.054795  0.000000  0.000000 
 0.000000  0.876712  0.082192  0.041096 
 0.986301  0.000000  0.013699  0.000000 
 0.013699  0.000000  0.986301  0.000000 
 0.082192  0.794521  0.068493  0.054795 
 0.178082  0.054795  0.534247  0.232877 
 0.109589  0.698630  0.136986  0.054795 


