MEME version 4

ALPHABET= ACGT

strands: + -

Background letter frequencies
A 0.25 C 0.25 G 0.25 T 0.25



MOTIF ZNF629-FLAG_Preferred_ENCFF034RYJ_motif_1 MOTIF-1
letter-probability matrix: alength= 4 w= 16 nsites= 440 E= 1.9e-1344 
 0.000000  0.988636  0.000000  0.011364 
 0.956818  0.018182  0.022727  0.002273 
 0.011364  0.100000  0.009091  0.879545 
 0.009091  0.031818  0.002273  0.956818 
 0.034091  0.036364  0.084091  0.845455 
 0.038636  0.272727  0.025000  0.663636 
 0.756818  0.081818  0.120455  0.040909 
 0.015909  0.861364  0.043182  0.079545 
 0.859091  0.015909  0.090909  0.034091 
 0.006818  0.004545  0.984091  0.004545 
 0.836364  0.040909  0.102273  0.020455 
 0.050000  0.122727  0.088636  0.738636 
 0.122727  0.047727  0.777273  0.052273 
 0.572727  0.038636  0.336364  0.052273 
 0.145455  0.045455  0.768182  0.040909 
 0.388636  0.093182  0.468182  0.050000 


MOTIF ZNF629-FLAG_Preferred_ENCFF034RYJ_motif_2 MOTIF-2
letter-probability matrix: alength= 4 w= 15 nsites= 410 E= 1.1e-849 
 0.890244  0.053659  0.034146  0.021951 
 0.702439  0.107317  0.160976  0.029268 
 0.882927  0.009756  0.100000  0.007317 
 0.017073  0.839024  0.046341  0.097561 
 0.041463  0.087805  0.017073  0.853659 
 0.063415  0.002439  0.934146  0.000000 
 0.982927  0.000000  0.007317  0.009756 
 0.021951  0.000000  0.975610  0.002439 
 0.068293  0.041463  0.858537  0.031707 
 0.029268  0.831707  0.021951  0.117073 
 0.173171  0.373171  0.034146  0.419512 
 0.087805  0.612195  0.119512  0.180488 
 0.604878  0.107317  0.209756  0.078049 
 0.219512  0.095122  0.634146  0.051220 
 0.536585  0.095122  0.292683  0.075610 


