MEME version 4

ALPHABET= ACGT

strands: + -

Background letter frequencies
A 0.25 C 0.25 G 0.25 T 0.25



MOTIF ZNF7-FLAG_Preferred_ENCFF461TFR_motif_1 MOTIF-1
letter-probability matrix: alength= 4 w= 21 nsites= 195 E= 5.4e-720 
 0.974359  0.000000  0.015385  0.010256 
 0.953846  0.000000  0.010256  0.035897 
 0.169231  0.000000  0.830769  0.000000 
 0.117949  0.000000  0.010256  0.871795 
 0.000000  0.000000  1.000000  0.000000 
 0.000000  0.358974  0.025641  0.615385 
 0.071795  0.061538  0.015385  0.851282 
 0.082051  0.000000  0.917949  0.000000 
 0.471795  0.005128  0.507692  0.015385 
 0.010256  0.907692  0.015385  0.066667 
 0.882051  0.015385  0.082051  0.020513 
 0.794872  0.046154  0.133333  0.025641 
 0.169231  0.015385  0.789744  0.025641 
 0.174359  0.030769  0.758974  0.035897 
 0.748718  0.061538  0.128205  0.061538 
 0.112821  0.138462  0.117949  0.630769 
 0.230769  0.092308  0.641026  0.035897 
 0.112821  0.194872  0.128205  0.564103 
 0.312821  0.020513  0.615385  0.051282 
 0.112821  0.066667  0.774359  0.046154 
 0.702564  0.030769  0.205128  0.061538 


MOTIF ZNF7-FLAG_Preferred_ENCFF461TFR_motif_4 MOTIF-4
letter-probability matrix: alength= 4 w= 23 nsites= 195 E= 2.9e-108 
 0.379487  0.189744  0.184615  0.246154 
 0.302564  0.256410  0.215385  0.225641 
 0.266667  0.451282  0.133333  0.148718 
 0.471795  0.179487  0.194872  0.153846 
 0.158974  0.035897  0.784615  0.020513 
 0.451282  0.271795  0.220513  0.056410 
 0.256410  0.482051  0.153846  0.107692 
 0.676923  0.117949  0.061538  0.143590 
 0.328205  0.123077  0.451282  0.097436 
 0.389744  0.102564  0.169231  0.338462 
 0.153846  0.338462  0.148718  0.358974 
 0.328205  0.251282  0.153846  0.266667 
 0.087179  0.405128  0.015385  0.492308 
 0.923077  0.010256  0.056410  0.010256 
 0.856410  0.035897  0.000000  0.107692 
 0.487179  0.000000  0.512821  0.000000 
 0.620513  0.000000  0.025641  0.353846 
 0.005128  0.000000  0.994872  0.000000 
 0.025641  0.379487  0.328205  0.266667 
 0.389744  0.246154  0.123077  0.241026 
 0.107692  0.205128  0.487179  0.200000 
 0.312821  0.025641  0.605128  0.056410 
 0.092308  0.830769  0.015385  0.061538 


MOTIF ZNF7-FLAG_Preferred_ENCFF461TFR_motif_5 MOTIF-5
letter-probability matrix: alength= 4 w= 11 nsites= 98 E= 9.5e-072 
 0.183673  0.000000  0.816327  0.000000 
 0.102041  0.122449  0.612245  0.163265 
 0.020408  0.051020  0.000000  0.928571 
 0.714286  0.000000  0.255102  0.030612 
 0.000000  0.102041  0.010204  0.887755 
 0.000000  0.000000  0.040816  0.959184 
 0.163265  0.020408  0.704082  0.112245 
 0.000000  0.030612  0.010204  0.959184 
 0.000000  1.000000  0.000000  0.000000 
 0.653061  0.010204  0.020408  0.316327 
 0.040816  0.000000  0.928571  0.030612 


