MEME version 4

ALPHABET= ACGT

strands: + -

Background letter frequencies
A 0.25 C 0.25 G 0.25 T 0.25



MOTIF ZNF740-FLAG_Preferred_ENCFF455XDQ_motif_1 MOTIF-1
letter-probability matrix: alength= 4 w= 21 nsites= 429 E= 3.3e-684 
 0.144522  0.344988  0.291375  0.219114 
 0.139860  0.356643  0.310023  0.193473 
 0.137529  0.426573  0.270396  0.165501 
 0.256410  0.331002  0.244755  0.167832 
 0.111888  0.503497  0.198135  0.186480 
 0.156177  0.358974  0.193473  0.291375 
 0.186480  0.072261  0.564103  0.177156 
 0.000000  0.974359  0.006993  0.018648 
 0.296037  0.559441  0.023310  0.121212 
 0.000000  0.990676  0.004662  0.004662 
 0.000000  1.000000  0.000000  0.000000 
 0.000000  0.941725  0.044289  0.013986 
 0.000000  0.983683  0.013986  0.002331 
 0.009324  0.990676  0.000000  0.000000 
 0.445221  0.452214  0.025641  0.076923 
 0.258741  0.529138  0.090909  0.121212 
 0.179487  0.494172  0.121212  0.205128 
 0.153846  0.515152  0.202797  0.128205 
 0.135198  0.515152  0.216783  0.132867 
 0.102564  0.489510  0.235431  0.172494 
 0.156177  0.403263  0.258741  0.181818 


