MEME version 4

ALPHABET= ACGT

strands: + -

Background letter frequencies
A 0.25 C 0.25 G 0.25 T 0.25



MOTIF ZNF761-FLAG_Preferred_ENCFF670IOD_motif_1 MOTIF-1
letter-probability matrix: alength= 4 w= 18 nsites= 132 E= 1.8e-759 
 0.810606  0.000000  0.189394  0.000000 
 0.007576  0.901515  0.000000  0.090909 
 0.803030  0.015152  0.166667  0.015152 
 0.007576  0.007576  0.007576  0.977273 
 0.030303  0.000000  0.969697  0.000000 
 0.007576  0.318182  0.000000  0.674242 
 0.000000  0.000000  0.000000  1.000000 
 0.000000  1.000000  0.000000  0.000000 
 0.030303  0.969697  0.000000  0.000000 
 0.000000  0.000000  0.000000  1.000000 
 0.000000  0.000000  1.000000  0.000000 
 0.000000  0.954545  0.000000  0.045455 
 0.000000  0.007576  0.000000  0.992424 
 0.000000  0.000000  1.000000  0.000000 
 0.000000  0.992424  0.000000  0.007576 
 1.000000  0.000000  0.000000  0.000000 
 0.007576  0.000000  0.992424  0.000000 
 0.674242  0.000000  0.007576  0.318182 


