MEME version 4

ALPHABET= ACGT

strands: + -

Background letter frequencies
A 0.25 C 0.25 G 0.25 T 0.25



MOTIF ZNF707-FLAG_Preferred_ENCFF306CIS_motif_1 MOTIF-1
letter-probability matrix: alength= 4 w= 22 nsites= 193 E= 1.5e-1425 
 0.000000  1.000000  0.000000  0.000000 
 0.000000  0.979275  0.000000  0.020725 
 0.000000  0.963731  0.005181  0.031088 
 0.984456  0.005181  0.010363  0.000000 
 0.000000  0.984456  0.000000  0.015544 
 0.000000  0.000000  0.000000  1.000000 
 0.000000  0.880829  0.000000  0.119171 
 0.005181  0.958549  0.000000  0.036269 
 0.000000  0.056995  0.000000  0.943005 
 0.015544  0.000000  0.974093  0.010363 
 0.036269  0.000000  0.963731  0.000000 
 0.010363  0.010363  0.000000  0.979275 
 0.979275  0.005181  0.000000  0.015544 
 0.005181  0.974093  0.015544  0.005181 
 0.025907  0.886010  0.000000  0.088083 
 0.984456  0.005181  0.010363  0.000000 
 0.922280  0.005181  0.046632  0.025907 
 0.093264  0.046632  0.020725  0.839378 
 0.062176  0.005181  0.031088  0.901554 
 0.036269  0.046632  0.020725  0.896373 
 0.637306  0.160622  0.031088  0.170984 
 0.051813  0.730570  0.015544  0.202073 


