MEME version 4

ALPHABET= ACGT

strands: + -

Background letter frequencies
A 0.25 C 0.25 G 0.25 T 0.25



MOTIF ZNF713-FLAG_Preferred_ENCFF124XNU_motif_1 MOTIF-1
letter-probability matrix: alength= 4 w= 15 nsites= 453 E= 1.4e-162 
 0.130243  0.136865  0.655629  0.077263 
 0.000000  0.181015  0.818985  0.000000 
 0.030905  0.534216  0.434879  0.000000 
 0.419426  0.141280  0.328918  0.110375 
 0.000000  0.280353  0.719647  0.000000 
 0.282561  0.576159  0.139073  0.002208 
 0.306843  0.019868  0.503311  0.169978 
 0.061810  0.088300  0.849890  0.000000 
 0.134658  0.291391  0.567329  0.006623 
 0.222958  0.373068  0.353201  0.050773 
 0.134658  0.331126  0.476821  0.057395 
 0.185430  0.370861  0.430464  0.013245 
 0.236203  0.176600  0.545254  0.041943 
 0.088300  0.187638  0.724062  0.000000 
 0.000000  0.596026  0.403974  0.000000 


