MEME version 4

ALPHABET= ACGT

strands: + -

Background letter frequencies
A 0.25 C 0.25 G 0.25 T 0.25



MOTIF ZNF770-FLAG_Preferred_ENCFF588FNM_motif_1 MOTIF-1
letter-probability matrix: alength= 4 w= 21 nsites= 286 E= 3.1e-1682 
 0.017483  0.185315  0.000000  0.797203 
 0.097902  0.031469  0.870629  0.000000 
 0.947552  0.010490  0.034965  0.006993 
 0.048951  0.006993  0.937063  0.006993 
 0.076923  0.003497  0.902098  0.017483 
 0.020979  0.573427  0.020979  0.384615 
 0.503497  0.013986  0.468531  0.013986 
 0.038462  0.006993  0.940559  0.013986 
 0.034965  0.000000  0.965035  0.000000 
 0.989510  0.003497  0.003497  0.003497 
 0.006993  0.000000  0.993007  0.000000 
 0.220280  0.000000  0.772727  0.006993 
 0.961538  0.020979  0.010490  0.006993 
 0.000000  0.080420  0.000000  0.919580 
 0.024476  0.681818  0.041958  0.251748 
 0.412587  0.020979  0.534965  0.031469 
 0.031469  0.874126  0.010490  0.083916 
 0.013986  0.087413  0.006993  0.891608 
 0.010490  0.020979  0.041958  0.926573 
 0.038462  0.006993  0.937063  0.017483 
 0.958042  0.006993  0.034965  0.000000 


