MEME version 4

ALPHABET= ACGT

strands: + -

Background letter frequencies
A 0.25 C 0.25 G 0.25 T 0.25



MOTIF ZSCAN9-FLAG_Preferred_ENCFF302EGM_motif_1 MOTIF-1
letter-probability matrix: alength= 4 w= 18 nsites= 147 E= 9.5e-621 
 0.068027  0.061224  0.782313  0.088435 
 0.000000  0.986395  0.000000  0.013605 
 0.000000  0.006803  0.000000  0.993197 
 0.013605  0.122449  0.863946  0.000000 
 0.013605  0.000000  0.054422  0.931973 
 0.000000  0.979592  0.006803  0.013605 
 0.000000  0.993197  0.000000  0.006803 
 0.476190  0.068027  0.380952  0.074830 
 0.183673  0.170068  0.088435  0.557823 
 0.020408  0.006803  0.965986  0.006803 
 0.000000  0.000000  1.000000  0.000000 
 0.013605  0.000000  0.000000  0.986395 
 0.040816  0.122449  0.782313  0.054422 
 0.000000  0.979592  0.006803  0.013605 
 0.000000  0.013605  0.000000  0.986395 
 0.047619  0.000000  0.945578  0.006803 
 0.809524  0.061224  0.122449  0.006803 
 0.659864  0.183673  0.061224  0.095238 


